1.994405180234873569e+02,2.909321874892942361e+01,1.441056793624488641e+01,8.798103826562778451e+00,1.729275850729734643e+01,6.348387321040267484e-01
2.313473145244925604e+02,3.028137596034253676e+01,2.060081878689801016e+01,1.098862650457401102e+01,1.586486026583880893e+01,7.248610761693482507e-01
1.961059175240131367e+02,2.690075440036030230e+01,1.849055124310643805e+01,8.352905298438168202e+00,1.498257035839593065e+01,7.103203827456664454e-01
2.729966164046965673e+02,2.745424932671942386e+01,1.660899355812879108e+01,1.119956585297791030e+01,1.661474541765061730e+01,6.761804431242782742e-01
1.788418512860406793e+02,2.880846578766740507e+01,1.519234054600790707e+01,8.053418995598644159e+00,1.423503557838392375e+01,6.608598157457946654e-01
1.597813923913477367e+02,2.796247955052264444e+01,1.808028587592239589e+01,1.156713471899589152e+01,1.478081228352676213e+01,7.223008256359070289e-01
2.074842393016892572e+02,2.563112294077000541e+01,2.029445295929522075e+01,1.039569611308693808e+01,1.539324519368125266e+01,7.466851484788312732e-01
2.596952586406944761e+02,3.199239562006937732e+01,1.289726999903908400e+01,9.979766351813900371e+00,1.442881026979771697e+01,6.438128054313166926e-01
2.440978205006097710e+02,3.166590719628874240e+01,1.381704549075263166e+01,9.460339863019967765e+00,1.768219513512289964e+01,6.998951824479865413e-01
2.467984871640100550e+02,2.979282563453555710e+01,1.940956112496223795e+01,1.021439904350791039e+01,1.798515945318042242e+01,6.929984604996078934e-01
1.733647444777630255e+02,3.088731347072831568e+01,1.696598342260230652e+01,9.341578023279383913e+00,1.557986952885708831e+01,7.329512626749544735e-01
2.220510869554226758e+02,2.626442858319198592e+01,2.139725332864101404e+01,1.074879697630427700e+01,1.702236519980491991e+01,6.553581184278366445e-01
1.572957568828642252e+02,2.534194180329844315e+01,1.276368737729835345e+01,9.061376534335705557e+00,1.629628611786278825e+01,6.722486833506647885e-01
1.897984821347170907e+02,2.511146388867314982e+01,1.467033882689952939e+01,1.090141987335720763e+01,1.413987017606496366e+01,7.454749320501251608e-01
1.568393443909159544e+02,2.502892580369512032e+01,1.203127957380397817e+01,9.109473016004233870e+00,1.579311978809709593e+01,7.470201506229348087e-01
2.130645626961948551e+02,3.222241571199838717e+01,1.573661822077074746e+01,1.116745137427897205e+01,1.618141061136553915e+01,7.486582399976879909e-01
1.572957568828642252e+02,2.534194180329844315e+01,1.276368737729835345e+01,9.726918039186077891e+00,1.629628611786278825e+01,6.722486833506647885e-01
1.572957568828642252e+02,2.534194180329844315e+01,1.276368737729835345e+01,8.770849560740744622e+00,1.629628611786278825e+01,6.722486833506647885e-01
1.699972881445082464e+02,2.644917735746804510e+01,1.435877503356002549e+01,1.051004195029377541e+01,1.402272436707299796e+01,7.492529980052706762e-01
2.109254053395824542e+02,3.230829722685997751e+01,1.589721392784177922e+01,1.170284608372899093e+01,1.401649469253325542e+01,6.339294013834655406e-01
1.604698785688865712e+02,2.503830360698734836e+01,1.200985217711396480e+01,8.880598446998044793e+00,1.400906213849926374e+01,6.300828545147452164e-01
1.920756066771687358e+02,2.511260912402724443e+01,1.279167051141361178e+01,1.090141987335720763e+01,1.413822298939270183e+01,6.706334620285469006e-01
1.568393443909159544e+02,2.502892580369512032e+01,1.203127957380397817e+01,8.772474355149567415e+00,1.632259996688935999e+01,7.470201506229348087e-01
2.202280802914216338e+02,3.221944018425355694e+01,1.623911416241824668e+01,1.169329410820321336e+01,1.777378010285514520e+01,7.480243033332760749e-01
1.879777271150454965e+02,2.635521650250275627e+01,1.531377077878206272e+01,1.095474488383336187e+01,1.727545744645781767e+01,7.403210402629740727e-01
1.500011229064451470e+02,2.500492722532580814e+01,1.203350764169389464e+01,9.061102033887586060e+00,1.400351020471022601e+01,6.304495076873052328e-01
1.572581481626434652e+02,3.230829722685997751e+01,1.589721392784177922e+01,1.170284608372899093e+01,1.623017807896212972e+01,6.681349226523274343e-01
1.704468619903232138e+02,2.503604616838845232e+01,1.200616797053842610e+01,8.880598446998044793e+00,1.400906213849926374e+01,7.473172840401016703e-01
2.218052247462262017e+02,3.222580916901894454e+01,1.711141220254229722e+01,1.170981186831129861e+01,1.753645855250911367e+01,7.465838978996962583e-01
1.508001665807074971e+02,2.500203299381969657e+01,1.315767037111725202e+01,8.310262976243079081e+00,1.740998449037434526e+01,7.051981160963283202e-01
1.921207305263505134e+02,2.557077222816098327e+01,1.475995735903163997e+01,1.096842103241315769e+01,1.799111413439909057e+01,7.138194460221187754e-01
2.198781276164720566e+02,3.230829722685997751e+01,1.589721392784177922e+01,1.170284608372899093e+01,1.789799096771496068e+01,6.339294013834655406e-01
2.081291468077788807e+02,2.502892580369512032e+01,1.203127957380397817e+01,9.109473016004233870e+00,1.404543855348224568e+01,7.470201506229348087e-01
1.805635356157560238e+02,2.594699642075066492e+01,1.448785671258542251e+01,1.043272259128419321e+01,1.799674523869110487e+01,7.499982623130464487e-01
2.211795612192701981e+02,3.078755446836844101e+01,1.578634577131435179e+01,1.166765494618034538e+01,1.409141536204519696e+01,7.465134892855475046e-01
1.645311293928743339e+02,2.500045718172407305e+01,1.414805480411049210e+01,1.045426376758375220e+01,1.404137495470543762e+01,7.495725200235838770e-01
2.218052247462262017e+02,2.537801453704732069e+01,1.711141220254229722e+01,8.788803784798563612e+00,1.751792711831672733e+01,6.854643768705744877e-01
1.592363367007875752e+02,3.227863759390422160e+01,1.435877503356002549e+01,1.167569595117867109e+01,1.409700835253484819e+01,7.465379499066429059e-01
2.112390796648226683e+02,3.230684328094624647e+01,1.573469330236725838e+01,1.160975357807624597e+01,1.402298850910804617e+01,7.465157079468149881e-01
1.505776788000144393e+02,2.500070983878508102e+01,1.200453038167213826e+01,8.180715296330557607e+00,1.735196851147418329e+01,7.470425625259957680e-01
2.219816692415587909e+02,3.230703346795356623e+01,1.603666866321089302e+01,1.170992946898830844e+01,1.791544909249450512e+01,7.451566464345728003e-01
1.604698785688865712e+02,2.503830360698734836e+01,1.670803220140374634e+01,1.161773769465646566e+01,1.779036202023398872e+01,6.300828545147452164e-01
2.202280802914216338e+02,3.175462884161493093e+01,1.209404246511762615e+01,8.910982920888656622e+00,1.435855266692772503e+01,7.480243033332760749e-01
1.507124144018283971e+02,2.503403580206993340e+01,1.297593603719477073e+01,9.074244723571061044e+00,1.708376290432368450e+01,7.385604185688364742e-01
2.222229708580510135e+02,3.230994524903531584e+01,1.574084643191314470e+01,1.170986408332240636e+01,1.798460118803559382e+01,7.498415519045440458e-01
1.742651989452512566e+02,2.854875105549020020e+01,1.555097522522163267e+01,9.895964121627878640e+00,1.768712837940799787e+01,6.427469983739853010e-01
1.508001665807074971e+02,3.221191098987014101e+01,1.328554576051704750e+01,8.319287029127034216e+00,1.743618676171358572e+01,7.051981160963283202e-01
2.218052247462262017e+02,2.501623204271828627e+01,1.429715112331421523e+01,1.170981186831129861e+01,1.406882662154517760e+01,7.465838978996962583e-01
2.214843673136270468e+02,3.230995521888915789e+01,1.574084643191314470e+01,1.170999871965495842e+01,1.787605152999640623e+01,7.085687549283601339e-01
1.851569917499271583e+02,2.560225086484722468e+01,1.440757796281844882e+01,1.055454459037043335e+01,1.756725178813101351e+01,7.362116533181295441e-01
1.650596433498092779e+02,2.512471234602958958e+01,1.203776940104614113e+01,9.052368854470753234e+00,1.799538657931026009e+01,7.452126931772697915e-01
1.604698785688865712e+02,3.227478322045604386e+01,1.200985217711396480e+01,8.880598446998044793e+00,1.400785768969113931e+01,6.300034655948201223e-01
1.805635356157560238e+02,2.594699642075066492e+01,1.615118625424900145e+01,1.166837090821573319e+01,1.799674523869110487e+01,7.480082890145632879e-01
1.500774580676807091e+02,2.500376878143705284e+01,1.201106687266869955e+01,8.999076297040824457e+00,1.744750457219674544e+01,7.494474366590463399e-01
1.962485633050946774e+02,2.702023495984531820e+01,1.572087471808808878e+01,1.165907469711982181e+01,1.400620753290885645e+01,7.234893189823623505e-01
2.164368583327861018e+02,3.204430449826860183e+01,1.574084643191314470e+01,1.170963994422152510e+01,1.796196768343370564e+01,6.324767909799416943e-01
2.196102458944953071e+02,3.222047916625091091e+01,1.576295101807285270e+01,8.277994481740705623e+00,1.798460118803559382e+01,7.498737187740459609e-01
1.642229331333058155e+02,2.503830360698734836e+01,1.206237061633145302e+01,1.169979851891393885e+01,1.400906213849926374e+01,6.300828545147452164e-01
1.576759107151384285e+02,2.577844047878217992e+01,1.204534991122062415e+01,8.830701181306924497e+00,1.771365781963443453e+01,7.419444851507027705e-01
1.964290733799258248e+02,2.500632213780031066e+01,1.383199367745329589e+01,1.035784897786547809e+01,1.421901500996399648e+01,7.486033181255790092e-01
2.223944766930025025e+02,3.212842656845781875e+01,1.577795141587096062e+01,1.170998072891900854e+01,1.401261736040717132e+01,7.499681761543388614e-01
1.568393443909159544e+02,2.502892580369512032e+01,1.203127957380397817e+01,1.169996365006943506e+01,1.579311978809709593e+01,7.470201506229348087e-01
2.164368583327861018e+02,3.204430449826860183e+01,1.585969687177738585e+01,9.229820107731287138e+00,1.796196768343370564e+01,6.324767909799416943e-01
2.222229708580510135e+02,3.227490748835593593e+01,1.612113603089801117e+01,1.170933407206030807e+01,1.772982601719348850e+01,7.495936662615687585e-01
1.560026201252346141e+02,2.501015499387878904e+01,1.211646256933107857e+01,9.175392609619155593e+00,1.799966717894385226e+01,7.428334020603057919e-01
2.023549664393767102e+02,3.230957281241263956e+01,1.613272913374909479e+01,1.170933407206030807e+01,1.409189882768665569e+01,7.484148567829691512e-01
2.218052247462262017e+02,3.170004305941326805e+01,1.200593113572891468e+01,8.993974992009771796e+00,1.753645855250911367e+01,7.465838978996962583e-01
1.604698785688865712e+02,2.563982151108210061e+01,1.758069670152366371e+01,1.154144968385191206e+01,1.400906213849926374e+01,6.300828545147452164e-01
2.222229708580510135e+02,3.230994524903531584e+01,1.573689813540809368e+01,1.170986408332240636e+01,1.775213081386660363e+01,6.919516353315333657e-01
1.665223831731271389e+02,2.662572167662574429e+01,1.211385189320651001e+01,8.920115329094002732e+00,1.780252398160641647e+01,7.053153860104746098e-01
1.928132999969012360e+02,2.665154636308072966e+01,1.556768268022955759e+01,1.042891893861061448e+01,1.400036443037780742e+01,7.480376495496692257e-01
2.223944766930025025e+02,3.201536891038512067e+01,1.331581559462252073e+01,8.373030611542924717e+00,1.404110878193310263e+01,7.499681761543388614e-01
1.510930662007578178e+02,2.500203299381969657e+01,1.316968644256021292e+01,1.170657175426654106e+01,1.790397892220632414e+01,6.335834041488731527e-01
1.768287658244024669e+02,2.500906976428248640e+01,1.405924068612007716e+01,1.004060904335089788e+01,1.403848126968850529e+01,7.499461213866621678e-01
1.949238606412065167e+02,3.230981501142761658e+01,1.573317059688741004e+01,1.170962538057478497e+01,1.400195742602990556e+01,7.026475947147376999e-01
1.771322940365657530e+02,2.500912498702268039e+01,1.406998681493172398e+01,1.004060904335089788e+01,1.789000630940698855e+01,7.499461213866621678e-01
2.225375700342436858e+02,2.503830360698734836e+01,1.738772951375188214e+01,8.880598446998044793e+00,1.400906213849926374e+01,6.300828545147452164e-01
1.597545779593689304e+02,3.222580916901894454e+01,1.201674979393840204e+01,1.170981186831129861e+01,1.753645855250911367e+01,7.465838978996962583e-01
1.505964266713819768e+02,2.505642636023350889e+01,1.213667718189842581e+01,9.148204279830684627e+00,1.799906977479029990e+01,6.303704547824532378e-01
2.096110724080656951e+02,3.230996791735638851e+01,1.574111690300500932e+01,1.117581880552193674e+01,1.794942287926042823e+01,7.472458190951848378e-01
1.645543344653806344e+02,2.722390582077092347e+01,1.570813301498036196e+01,1.030676504821425787e+01,1.402885602205212123e+01,7.433457700654632072e-01
1.595234788043128162e+02,2.530750945953636943e+01,1.206366194084962373e+01,1.170963994422152510e+01,1.796024127861884523e+01,6.417720565829214685e-01
2.023549664393767102e+02,3.171556210830347311e+01,1.725842299583273132e+01,8.805053524512127083e+00,1.416484107767412226e+01,7.484148567829691512e-01
1.500001290197137394e+02,2.500140042807115748e+01,1.200345151658182097e+01,8.080614923338051980e+00,1.790438372338476825e+01,7.475118986003549404e-01
1.937761654120975550e+02,3.135996139118362791e+01,1.376026323610925495e+01,1.023833553743742719e+01,1.771417253749658371e+01,7.199953208084369782e-01
2.223446447918850026e+02,3.230999701273138669e+01,1.611553848900411268e+01,1.170998517162233021e+01,1.790166941264336486e+01,7.186437126301112865e-01
2.218052247462262017e+02,2.537351095406203072e+01,1.220472039299394496e+01,1.170981186831129861e+01,1.753645855250911367e+01,6.332693556622871478e-01
1.645543344653806344e+02,3.230648661169853142e+01,1.682176283094595703e+01,1.004178565040398041e+01,1.409449955505958840e+01,7.484640876057646608e-01
1.828225623032597866e+02,2.606225864681349691e+01,1.479353738388986983e+01,1.083369879514088119e+01,1.788098292959161384e+01,7.412458837062290140e-01
1.505927209721002953e+02,2.503897914378535106e+01,1.200168948629868204e+01,8.355617137221669211e+00,1.777434345730920384e+01,6.346328744477580663e-01
2.164563364030803427e+02,3.230993742291975934e+01,1.573238274471599851e+01,1.170995324427242323e+01,1.426236605565447846e+01,7.353854528386272182e-01
1.604698785688865712e+02,3.227986718467898442e+01,1.200985217711396480e+01,8.880598446998044793e+00,1.400906213849926374e+01,6.300828545147452164e-01
2.218052247462262017e+02,2.502189579459039592e+01,1.711141220254229722e+01,1.170994585612483618e+01,1.738277889887516281e+01,7.463843566987851119e-01
1.507086482048422056e+02,2.500004564295306508e+01,1.200014973560359444e+01,8.046190902504116949e+00,1.401893000646381182e+01,7.139834696769176148e-01
1.940023930340644824e+02,3.230726342241874960e+01,1.573377632199949439e+01,1.170991617648907734e+01,1.400065586238643256e+01,7.157954164910342865e-01
1.503179595458084066e+02,2.500619507327465030e+01,1.272279627880577735e+01,9.599338794237739947e+00,1.794780667098658355e+01,7.167476017484917250e-01
1.504641084841869088e+02,3.212163253015366848e+01,1.233481410826276736e+01,8.355617137221669211e+00,1.408060689670357846e+01,7.194717946897581928e-01
1.995385666403820721e+02,2.519579892750598660e+01,1.573317059688741004e+01,1.170996123026441182e+01,1.776374132063616074e+01,6.313598955597818918e-01
1.949238606412065167e+02,3.116338003123894040e+01,1.576143074596400595e+01,1.109672443487786175e+01,1.400007919173749116e+01,7.011356621916666754e-01
1.502417947461296421e+02,2.500017727438962467e+01,1.201137357860880783e+01,8.783180615394313051e+00,1.795694259694903749e+01,7.001388278805946719e-01
2.007722474490533955e+02,3.227805009359035182e+01,1.573317059688741004e+01,1.170979635531506702e+01,1.724649244465214437e+01,7.026475947147376999e-01
1.507086482048422056e+02,3.179989702283780062e+01,1.363211681972294187e+01,8.046190902504116949e+00,1.410587164270768135e+01,7.193951926221909821e-01
1.948721377902545271e+02,2.503897914378535106e+01,1.603036526974390696e+01,1.169124028816835903e+01,1.777434345730920384e+01,6.346328744477580663e-01
1.872457017715540815e+02,2.544754276023038742e+01,1.469107989597912756e+01,1.072945929949978350e+01,1.794560333772501437e+01,6.870027173247141850e-01
2.070264561181162151e+02,3.056859617707031163e+01,1.573373040223715869e+01,1.166207392008667654e+01,1.790485290606164170e+01,6.406469034143973396e-01
1.501727876690540313e+02,2.501553127607348515e+01,1.259873286435857942e+01,9.344859356719068089e+00,1.783002569908010315e+01,6.874506766676854452e-01
1.516722946452626957e+02,3.230957281241263956e+01,1.610941125698527543e+01,8.376845605284572116e+00,1.409189882768665569e+01,6.423730522129741383e-01
2.197880064500621700e+02,2.500797882905360581e+01,1.270846368576005503e+01,1.169329410820321336e+01,1.794797787061525796e+01,7.480243033332760749e-01
1.989350468160434389e+02,3.221905545972946072e+01,1.563140932576174613e+01,1.158199005522852332e+01,1.747101501604698370e+01,6.488616692177685552e-01
1.502979613475345388e+02,2.500016730218479211e+01,1.200023996433084683e+01,9.088987149650922248e+00,1.791690023579624480e+01,6.562115242773272072e-01
2.221848478015706974e+02,3.228927282056358905e+01,1.573314132052373182e+01,1.170997163258928175e+01,1.400121330032952294e+01,7.493610741178170498e-01
1.505927209721002953e+02,3.219302450331340282e+01,1.200168948629868204e+01,8.355617137221669211e+00,1.790988649019551815e+01,6.338998083156138774e-01
1.502417947461296421e+02,2.500017727438962467e+01,1.201137357860880783e+01,1.168906358338698226e+01,1.405374352037895669e+01,7.486612948835075221e-01
2.222229708580510135e+02,3.230999433058976678e+01,1.573344254060400260e+01,1.170962538262156016e+01,1.408255773576406256e+01,7.419448672899018327e-01
1.670065347225540506e+02,2.750695075811323420e+01,1.200983612204740503e+01,8.914434716897355671e+00,1.700506486964756903e+01,7.446601832903382290e-01
1.946732109954004954e+02,3.230275221220938420e+01,1.573322757911715541e+01,1.170966647795859572e+01,1.400114002471369901e+01,7.302015995884648669e-01
1.540515211117970864e+02,3.194645286636972159e+01,1.248491957322103652e+01,9.154276706781478978e+00,1.413922235786920822e+01,7.464013555225358365e-01
2.186479622876440203e+02,2.523232859285921847e+01,1.213667718189842581e+01,1.146304503189612944e+01,1.799906977479029990e+01,6.309791376609824587e-01
1.752633870665499671e+02,2.852493825098191493e+01,1.561949732521645728e+01,1.096460925828363386e+01,1.799255168983216535e+01,7.398855261750602041e-01
1.609938145621572119e+02,2.501243902265168373e+01,1.200014428422567114e+01,9.006296468470171845e+00,1.404309548527967522e+01,7.391702960901036512e-01
2.191497122850717290e+02,3.218373116359570929e+01,1.573572192164703409e+01,1.170990630354147299e+01,1.400105894577748877e+01,6.306931935472821493e-01
1.598441527737516594e+02,3.224634411128280931e+01,1.202716630279942933e+01,8.880598446998044793e+00,1.400906213849926374e+01,6.325363935045669184e-01
2.224467802737535180e+02,2.504754651376335772e+01,1.730639703943158381e+01,1.170981186831129861e+01,1.753645855250911367e+01,7.457099138663602078e-01
1.722932791613240227e+02,2.606820550587973528e+01,1.323337559740058111e+01,9.623214999576171991e+00,1.436536985917895493e+01,7.496152193495685401e-01
2.163530992641423722e+02,3.230995374979091395e+01,1.574084643191314470e+01,1.170996018976655328e+01,1.419096091540267324e+01,7.499949653612082434e-01
1.518936642967753130e+02,2.500240439192415565e+01,1.282628862055771002e+01,9.600334110645867725e+00,1.799894786703282890e+01,7.455220395381787490e-01
1.961192302695070566e+02,2.744574756308515262e+01,1.590172811425435029e+01,1.165882031486942161e+01,1.410400030757780954e+01,6.318906403991410015e-01
1.560026201252346141e+02,2.501070540608377613e+01,1.211646256933107857e+01,8.010938534942669165e+00,1.783897040428954384e+01,7.428334020603057919e-01
1.891261994391348082e+02,2.701508233586267238e+01,1.603846975820445664e+01,1.165010439392810504e+01,1.424850737185025018e+01,7.499956503343462311e-01
1.500232733881496756e+02,2.500000801169909082e+01,1.200594753036100037e+01,9.049424954290046230e+00,1.400045061458699536e+01,6.308910971833531223e-01
2.222367958982904383e+02,3.224382291961806146e+01,1.574086346667614045e+01,1.170999518712768683e+01,1.799979960841369575e+01,6.354233393908490513e-01
2.189116068089391547e+02,2.500004564295306508e+01,1.200006012732102789e+01,1.160050305977067531e+01,1.401893000646381182e+01,6.328574719729977982e-01
1.526045049076462874e+02,3.230829722685997751e+01,1.589721392784177922e+01,8.124011088319313956e+00,1.789799096771496068e+01,7.158298331369603584e-01
1.500090078545407266e+02,2.500014710144746388e+01,1.200046822225778698e+01,8.461156694331990025e+00,1.401816549619151075e+01,6.312173088138696153e-01
2.220560267744734233e+02,3.186184710191817615e+01,1.582070805498236865e+01,1.170873836283753455e+01,1.799757789310111633e+01,7.344071322158849391e-01
1.796071329430169499e+02,2.528980987342338338e+01,1.320586798924040117e+01,9.780417239072058067e+00,1.783963662446776510e+01,7.416881294201044250e-01
2.023549664393767102e+02,3.230957281241263956e+01,1.613272913374909479e+01,8.856712918870131901e+00,1.410315641607770232e+01,7.494809886708965196e-01
1.502979613475345388e+02,2.500016730218479211e+01,1.200023996433084683e+01,1.170495037198830346e+01,1.790293755638841589e+01,6.562115242773272072e-01
1.500074837122447775e+02,2.500003044679925779e+01,1.202307338780233081e+01,8.250454295390378334e+00,1.798662237950564702e+01,6.309562062858743436e-01
1.959404010409652983e+02,3.206094127609928535e+01,1.574087489321983568e+01,1.170999606137354832e+01,1.785175409199373320e+01,7.458531850283010023e-01
1.740583977661246706e+02,2.688531990634096402e+01,1.279982105898755407e+01,9.631311862005839330e+00,1.777999054590073413e+01,7.042083901348751285e-01
1.505927209721002953e+02,3.227718281607054251e+01,1.200168948629868204e+01,8.355617137221669211e+00,1.777434345730920384e+01,6.346328744477580663e-01
1.946732109954004954e+02,2.505544655590566805e+01,1.573322757911715541e+01,1.170966647795859572e+01,1.400114002471369901e+01,7.359689658644896770e-01
2.222667241786471948e+02,3.230999914467523837e+01,1.651658554397787526e+01,1.170986656863224340e+01,1.442270836193319283e+01,6.461897731501239361e-01
1.502141025380018391e+02,2.500049130740936931e+01,1.421010953083495743e+01,1.025841297928040596e+01,1.400317723792202074e+01,7.374261744604946323e-01
2.146822810254731166e+02,3.230999355746619273e+01,1.574075271651979691e+01,1.170994849510638147e+01,1.798687440779311331e+01,7.499882142279118424e-01
1.960227951609934394e+02,2.709294643969000305e+01,1.220988959807021068e+01,8.392636503298332329e+00,1.404896223988897219e+01,7.284189222889312365e-01
2.222367958982904383e+02,3.224362835052241394e+01,1.574086528739530522e+01,1.170999123652234886e+01,1.798406880575291922e+01,6.332162106145414748e-01
1.500062211296024941e+02,2.500278122007449610e+01,1.200136339852946499e+01,8.012956453050124495e+00,1.400201736221547755e+01,6.300201455384422111e-01
2.056748697860392667e+02,3.224962506100782633e+01,1.574546937324114992e+01,1.158157104375010604e+01,1.776252098331149298e+01,7.494374461431614343e-01
1.940013391273993761e+02,3.209417279726277883e+01,1.571184366540033039e+01,1.169204920855316132e+01,1.796392655987467180e+01,6.320837557260066131e-01
1.570166768413068610e+02,3.116338003123894040e+01,1.576143074596400595e+01,8.395566885748356967e+00,1.400007919173749116e+01,6.730858069848961733e-01
2.222229708580510135e+02,2.526128951324479743e+01,1.567871173573717769e+01,1.159621673859082769e+01,1.798437219769144235e+01,7.495659911922569751e-01
1.582543133009578469e+02,2.530939298742658750e+01,1.445800958190473473e+01,1.042143736010359234e+01,1.428959548674998103e+01,7.491842491928495384e-01
1.517579222946145023e+02,2.507392290712883565e+01,1.437679211621336250e+01,8.780192184622409357e+00,1.436652245052982835e+01,6.383706761624934334e-01
1.970375896250738776e+02,3.230999951636363932e+01,1.573261321650657685e+01,1.170986408332240636e+01,1.791613851668027024e+01,7.498764173539946842e-01
1.509245203568479496e+02,3.214602163025294601e+01,1.200594753036100037e+01,9.160887074189139057e+00,1.400045061458699536e+01,6.308910971833531223e-01
2.246628303202399479e+02,2.517525259467453935e+01,1.574084643191314470e+01,1.170986408332240636e+01,1.798940967838848692e+01,7.498415519045440458e-01
2.190569231600956073e+02,3.230991227609886352e+01,1.653452260401974172e+01,1.170981535492744818e+01,1.754569691556593725e+01,6.300557708184326700e-01
1.789251512345359458e+02,2.550655410639193121e+01,1.467031866128522033e+01,1.072809842884567466e+01,1.781723500969115648e+01,7.480002023971352720e-01
1.964414653250502170e+02,3.230993082172375352e+01,1.573223458523292528e+01,1.170649161103566627e+01,1.400026676171379059e+01,6.324533908661608139e-01
1.505887906792244166e+02,3.208073453403353170e+01,1.200046822225778698e+01,8.429960696112186014e+00,1.401816549619151075e+01,6.312173088138696153e-01
2.218052247462262017e+02,2.520283623045870058e+01,1.711141220254229722e+01,1.166485717745351280e+01,1.753645855250911367e+01,7.436753325905928191e-01
1.952087158877133675e+02,2.509421324863502178e+01,1.402398712738771813e+01,1.045337498443912239e+01,1.795931499252539609e+01,6.325311888086944112e-01
1.505517384068113813e+02,2.500602574660229749e+01,1.212891945089924306e+01,9.125532316054165705e+00,1.755407363401248944e+01,7.418020041237226581e-01
1.947654388876907205e+02,3.230994775496405680e+01,1.573642589223963562e+01,1.170998996520880908e+01,1.726902504775391733e+01,7.047928522529350870e-01
1.500159655832851513e+02,3.197707410349341828e+01,1.201337907948886397e+01,9.049424954290046230e+00,1.400045061458699536e+01,6.307507134953174166e-01
2.222229708580510135e+02,2.501499561956591577e+01,1.276619411660623271e+01,1.170986408332240636e+01,1.799665993537271191e+01,7.498458572958329738e-01
2.182000997967545004e+02,3.118197078618726437e+01,1.641430161752223427e+01,1.170997409211794249e+01,1.799959667372022309e+01,6.389018608019865209e-01
1.540944742252845856e+02,2.500027616494103455e+01,1.282628862055771002e+01,9.628318229210035994e+00,1.799963301012367722e+01,6.990250164882164663e-01
1.953033023829805472e+02,2.501390922230965330e+01,1.424954488754578463e+01,1.047964259011833121e+01,1.791303235663998095e+01,7.490341815860680486e-01
2.162994838272863944e+02,3.229352943809686138e+01,1.344919127578607565e+01,8.914434716897355671e+00,1.774995228803667047e+01,6.916627635350856007e-01
1.502563503403852394e+02,2.504863979123454243e+01,1.204310922598859612e+01,1.165010439392810504e+01,1.424850737185025018e+01,7.499956503343462311e-01
1.500533195946458704e+02,2.500005162786696289e+01,1.200225033050025658e+01,8.044043608506699528e+00,1.412255165066859064e+01,6.301149359666091687e-01
2.213769163247047800e+02,3.230995265603458222e+01,1.573343610387867209e+01,1.170997927075851486e+01,1.799960192346235033e+01,7.069815629902342913e-01
1.555233753687220428e+02,2.500357618311547014e+01,1.205115621257841774e+01,8.306669914076868722e+00,1.789104432702579928e+01,7.442114037900013912e-01
1.530410892393894642e+02,3.194644266541745026e+01,1.771499748509307182e+01,9.313897878161709443e+00,1.783002569908010315e+01,6.944012147978877447e-01
2.246794547342075816e+02,2.500014710144746388e+01,1.200046822225778698e+01,8.461156694331990025e+00,1.401816549619151075e+01,6.300283347104964626e-01
1.921563809287249285e+02,3.188164840868943628e+01,1.479531047441841096e+01,1.094532228600696655e+01,1.409977350186834677e+01,7.005175943106058956e-01
1.500019742821661168e+02,2.500000736158384385e+01,1.200225033050025658e+01,8.368639124516137784e+00,1.764529596544322132e+01,6.303496103961859776e-01
1.989754865917468862e+02,3.230995161941913807e+01,1.573302888346924000e+01,1.170998136192486783e+01,1.799756335580330813e+01,7.062343269657427314e-01
1.509234805304064082e+02,3.230994524903531584e+01,1.576112435649335985e+01,8.278650434372524458e+00,1.798460118803559382e+01,7.498415519045440458e-01
1.510357046933759761e+02,2.500005162786696289e+01,1.200225033050025658e+01,1.158832422068110724e+01,1.412255165066859064e+01,6.319584152657259368e-01
1.944182559002780408e+02,3.230999619926375743e+01,1.573316958472224414e+01,1.170997419116307725e+01,1.787462065628621843e+01,6.979473481771010235e-01
1.932423770462600032e+02,2.655436214765467540e+01,1.573145972733077258e+01,1.170844124437813960e+01,1.798288660202753064e+01,7.446000431997871205e-01
1.511951543925930537e+02,2.521557167531627286e+01,1.416616741644016209e+01,9.951179472068062637e+00,1.780674691604866311e+01,7.492202165914841894e-01
1.505927209721002953e+02,3.188476365693398762e+01,1.569700637561357937e+01,8.371024020627690021e+00,1.425946113377447766e+01,6.361205808789237581e-01
2.218052247462262017e+02,2.524304258876672336e+01,1.711141220254229722e+01,1.170981186831129861e+01,1.796903357969447157e+01,7.373105464611700022e-01
1.558254468996950948e+02,2.500009464115145619e+01,1.200451598815646648e+01,8.835734726221977198e+00,1.791507843677765166e+01,6.357461655999544492e-01
2.098333091754346924e+02,3.230986364788322618e+01,1.574051329038749536e+01,1.170984710475976520e+01,1.799400600144094042e+01,6.332528956178654633e-01
1.896518312835116546e+02,2.511727162419795789e+01,1.385103988588023860e+01,1.035355485027311317e+01,1.798098237714334147e+01,7.494142124846557840e-01
2.223446447918850026e+02,3.136828768565714043e+01,1.611553848900411268e+01,8.895355285505294418e+00,1.703120781407139361e+01,7.187774581504129401e-01
1.504210049339142472e+02,2.500000801169909082e+01,1.200594753036100037e+01,1.169263992059276980e+01,1.409017750347868514e+01,6.308910971833531223e-01
1.892895839350919118e+02,2.545082446242501817e+01,1.449812631625634296e+01,1.050261005068602138e+01,1.772354675617053132e+01,7.391300220235281770e-01
1.506358928254350076e+02,2.500092400396493630e+01,1.201282244389881981e+01,8.026990437942037815e+00,1.792207802444171350e+01,6.859872641271989036e-01
2.005556274396051037e+02,3.193645141091158735e+01,1.573317059688741004e+01,1.170999618056362834e+01,1.785484739373588781e+01,7.411086525090698762e-01
2.224524336262327324e+02,2.500014710144746388e+01,1.200046822225778698e+01,1.151300758948323733e+01,1.444540701103520242e+01,6.312173088138696153e-01
1.508082527140917364e+02,3.230999951636363932e+01,1.573261321650657685e+01,1.170986408332240636e+01,1.778483172825763603e+01,7.499359206959239632e-01
1.672385909681231340e+02,2.556240508535876899e+01,1.338653953715122924e+01,9.584225376513566985e+00,1.743604498407398040e+01,7.499559731056739675e-01
2.224344517918380291e+02,3.230994940417023287e+01,1.574299765539975482e+01,1.170996686457117697e+01,1.799948065094792682e+01,7.499499993806834075e-01
2.061314845007047154e+02,2.663215240911816650e+01,1.600311524986130962e+01,1.165451520757234327e+01,1.400139264565334152e+01,7.350782552060078912e-01
1.949238606412065167e+02,3.225139401482513790e+01,1.205897285511653116e+01,8.088600986651135472e+00,1.400256218349001713e+01,7.019726961050813951e-01
2.185199415317297849e+02,2.509749432970606620e+01,1.225423995254766574e+01,1.170998517162233021e+01,1.773589445201768200e+01,6.316648085247199562e-01
2.192844392775010931e+02,3.228337707681799884e+01,1.575342119775591776e+01,1.170960725742239461e+01,1.400148764616901786e+01,6.308031656715584745e-01
1.526901638525062026e+02,2.500002229758777972e+01,1.200163515821870064e+01,8.059710816653193888e+00,1.401477563610612620e+01,6.331898149479195936e-01
1.778758233608546959e+02,2.853086691014381060e+01,1.352162327631554817e+01,9.657562039330862547e+00,1.405499097077375659e+01,7.129138886882145920e-01
1.500232733881496756e+02,3.228208396445742068e+01,1.574687044758395160e+01,8.747965005967364149e+00,1.400045061458699536e+01,6.308910971833531223e-01
2.224344517918380291e+02,2.545795964383612997e+01,1.574299765539975482e+01,1.170996686457117697e+01,1.799948065094792682e+01,7.499458848174755943e-01
1.930881525075254501e+02,3.140122726026525513e+01,1.580457995103143176e+01,1.158647590364410185e+01,1.406386157417517779e+01,6.303293938977154731e-01
1.753682832141697361e+02,2.540524285097091095e+01,1.303992882387994712e+01,9.717287214568209208e+00,1.755633294455770255e+01,7.456014885633666101e-01
2.224344517918380291e+02,3.230999380826290945e+01,1.573294037389197442e+01,1.170999608591429642e+01,1.799991692021596990e+01,6.334320514762230570e-01
1.500533195946458704e+02,3.188331520870332270e+01,1.200225033050025658e+01,8.086508886702228338e+00,1.400497528405284520e+01,6.479090778193804523e-01
2.218052247462262017e+02,2.530665062357533301e+01,1.711141220254229722e+01,1.170981186831129861e+01,1.750764746030274921e+01,7.466115260025113498e-01
1.534373343761130855e+02,2.515480451673456841e+01,1.233911916972713385e+01,9.220423643922094570e+00,1.761725056995404515e+01,7.312145738508059045e-01
1.949724025241821721e+02,2.842304293998713405e+01,1.503186027432111338e+01,1.089120422789846110e+01,1.789329540840232724e+01,6.378211172167328469e-01
2.220730006865061910e+02,3.230997502906103591e+01,1.667566275835403644e+01,1.170998754455895785e+01,1.412707737003910324e+01,7.450508839931461180e-01
1.933463791009204158e+02,3.206983792553492663e+01,1.200225033050025658e+01,8.044043608506699528e+00,1.461847762725893496e+01,6.301149359666091687e-01
2.291318984708194932e+02,2.520284634077846775e+01,1.554891861057367564e+01,1.170996686457117697e+01,1.799948065094792682e+01,7.499499993806834075e-01
1.525301692516275125e+02,2.526337535382878841e+01,1.215419931116503349e+01,9.178599741813194157e+00,1.778850635670293556e+01,7.439400891577279129e-01
2.103519656655551273e+02,3.220575258125745677e+01,1.573259445278465662e+01,1.170999433929516442e+01,1.799998641847755465e+01,6.484766627214202384e-01
1.725835245677695866e+02,2.781892441590586884e+01,1.546653118959893725e+01,1.152534690062190670e+01,1.409579964944300201e+01,7.498449348711839768e-01
2.224344517918380291e+02,3.220502136971653329e+01,1.574299765539975482e+01,8.528394757955776839e+00,1.753579252940602018e+01,7.499499993806834075e-01
1.500232733881496756e+02,2.500000801169909082e+01,1.200594753036100037e+01,1.161306042052548015e+01,1.400016754484052228e+01,6.308910971833531223e-01
1.945743936179748061e+02,3.230996383223406809e+01,1.556992155422643442e+01,1.109857604282507104e+01,1.400055941972642870e+01,6.312903918511022505e-01
1.605573009455844726e+02,2.536140364842945161e+01,1.200723664919176947e+01,8.720509500641622225e+00,1.799379124205776748e+01,7.479304690224803931e-01
2.224558521009852257e+02,3.230995141579241903e+01,1.572854336012630760e+01,1.170997095615364003e+01,1.799948065094792682e+01,7.499950765211651493e-01
2.231550928755951873e+02,3.222580916901894454e+01,1.711141220254229722e+01,8.020778905657675040e+00,1.753645855250911367e+01,6.354629998700442872e-01
1.511361559729127748e+02,2.531006378532081058e+01,1.200225033050025658e+01,1.167367544857103212e+01,1.412255165066859064e+01,7.187206905583298777e-01
2.224558521009852257e+02,3.230995141579241903e+01,1.572854336012630760e+01,1.170997267641913986e+01,1.472393165419920180e+01,7.489669838830975701e-01
1.500492019127136132e+02,2.500030489039565751e+01,1.278347780998495331e+01,9.609697043260210236e+00,1.709030523765792253e+01,7.493206109631694867e-01
1.506537582877124066e+02,2.505255107513956503e+01,1.280831406541434880e+01,9.609451211045522356e+00,1.420698891144796328e+01,7.491581301076492005e-01
2.222229708580510135e+02,3.167900945746492525e+01,1.573689813540809368e+01,8.993974415382870902e+00,1.703157921998728952e+01,6.919516353315333657e-01
1.529053375324685931e+02,2.501790109579002319e+01,1.648168717186762677e+01,1.165328196760940394e+01,1.422255588527531955e+01,7.493756183392598080e-01
2.002463249971218602e+02,3.230999724046162669e+01,1.572854336012630760e+01,1.160472797216621110e+01,1.797346795903594696e+01,7.451468503448515079e-01
1.676784798637885956e+02,2.523189201822274441e+01,1.262922405943927018e+01,9.452650288197631312e+00,1.797192492146420761e+01,7.403462448703898025e-01
1.896968453724728931e+02,2.776959820616684738e+01,1.572970542751497192e+01,1.137481136790106540e+01,1.446648035225380013e+01,7.026475947147376999e-01
1.500883134172722464e+02,3.214261083359620130e+01,1.558424228706921966e+01,8.241321357396140357e+00,1.402298850910804617e+01,7.434608815006854554e-01
2.118477100020411967e+02,2.516720395574942160e+01,1.222350068774592025e+01,1.166277024399283313e+01,1.764529596544322132e+01,6.347171890052980547e-01
1.694557306174378652e+02,2.503206910279566699e+01,1.416439213082400705e+01,1.009512809091276964e+01,1.730645056690763894e+01,7.469142457758335407e-01
1.927991315306617537e+02,3.146289114034969003e+01,1.635328782199145081e+01,1.170997994143366405e+01,1.402072383471438677e+01,6.327966010242740413e-01
1.545479332878549030e+02,2.500015172995793122e+01,1.231447547040124135e+01,8.362992284668694154e+00,1.400000190688753499e+01,7.412524278173225900e-01
1.507924803955647803e+02,3.216484744879513613e+01,1.200225033050025658e+01,8.044043608506699528e+00,1.412255165066859064e+01,6.301149359666091687e-01
2.224558521009852257e+02,2.501278597048399988e+01,1.532173170953099195e+01,1.166500142993141509e+01,1.799948065094792682e+01,7.499950765211651493e-01
