-5.795368148740581010e-03,-8.885530158414774778e-04,-1.452745871348483653e-01,-4.733198437719073337e-01,-2.592000000000000171e+01,-7.772727272727272485e+00,7.727272727272724850e-01,-1.077472527472527197e+00,4.144385026738106603e-02,-1.135737261300240107e+03,-1.066282357581110091e+03
-9.141918961651410158e-03,-1.212213080001670615e-03,-2.122340150702973771e-01,-4.791582026259305627e-01,-2.359333333333333371e+01,-8.282608695652173836e+00,1.282608695652173836e+00,-1.104945054945054572e+00,-1.711229946524017720e-02,-1.165171784240035095e+03,-1.070831864265738659e+03
-1.202389432896721136e-02,-1.455844342132207956e-03,-2.318197948969928368e-01,-4.795301434711927158e-01,-2.321777777777777985e+01,-7.289062499999999112e+00,2.890624999999991118e-01,-1.132417582417582835e+00,-7.566844919785964407e-02,-1.175313113290493675e+03,-1.071605525886586065e+03
-1.137156826651803190e-02,-1.520937659179824857e-03,-2.782857401465540503e-01,-4.839705080548205585e-01,-2.079333333333333300e+01,-8.339552238805969964e+00,1.339552238805969964e+00,-1.159890109890110210e+00,-1.342245989304808873e-01,-1.195512726341275538e+03,-1.074995171327633216e+03
-7.646146906715653446e-03,-8.304658088392547540e-04,-1.921071190196366185e-01,-4.691533932765739046e-01,-2.643555555555555259e+01,-7.853571428571428648e+00,8.535714285714286476e-01,-1.187362637362637585e+00,-1.927807486631012424e-01,-1.164630330179894827e+03,-1.065987242276447432e+03
-4.225252421287843674e-03,-8.450621392921255168e-04,-2.184603902956481214e-01,-4.707206710762150692e-01,-2.581555555555555515e+01,-7.880769230769230305e+00,8.807692307692303046e-01,-1.214835164835165848e+00,-2.513368983957207092e-01,-1.176802169285504078e+03,-1.067561598162699966e+03
-1.395576442251904303e-02,-1.458888443768182339e-03,-3.480637526130139769e-01,-4.768900062864361300e-01,-2.349866666666666859e+01,-7.400735294117646745e+00,4.007352941176467453e-01,-2.627158555729982581e-01,-3.098930481283419525e-01,-1.208976452468597472e+03,-1.071918157046696479e+03
-1.193296100024950762e-02,-1.471460540124630524e-03,-3.746039673187157026e-01,-4.818277947491146906e-01,-2.103511111111111020e+01,-8.625000000000000000e+00,1.625000000000000444e+00,-2.901883830455265212e-01,-3.684491978609614193e-01,-1.223412643326630359e+03,-1.075383664216136822e+03
-1.270233900226585416e-02,-1.588333863627325402e-03,-3.750338834046760272e-01,-4.804186654483966201e-01,-2.153481481481481552e+01,-7.505921052631578050e+00,5.059210526315780498e-01,-3.176609105180538961e-01,-4.270053475935826626e-01,-1.225273193235698272e+03,-1.074957768650986282e+03
-1.687158409281477867e-03,-5.386607073666741831e-04,-3.233402476661763059e-01,-4.646962448811341462e-01,-2.682177777777777905e+01,-8.048366834170854744e+00,1.048366834170854300e+00,-3.451334379905803829e-01,-4.855614973262021294e-01,-1.203317884685470744e+03,-1.066170620117102317e+03
-1.244669951204758346e-02,-1.291104867801334431e-03,-3.567997269837602792e-01,-4.867165473245291252e-01,-2.453096296296296686e+01,-7.570312500000000000e+00,5.703125000000000000e-01,-3.726059654631086460e-01,4.476178901312595215e-01,-1.220183472118140116e+03,-1.074159235272953310e+03
-5.524537830844562791e-03,-1.101338207325687968e-03,-3.656778001128312972e-01,-4.871554558939770740e-01,-2.407392592592592706e+01,-8.100388601036268454e+00,1.100388601036269343e+00,-4.000784929356360209e-01,3.890617403986400547e-01,-1.225661115726556091e+03,-1.074964117457662496e+03
-1.483731102441105884e-02,-1.608871717636902810e-03,-9.940107698485284304e-02,-4.907963763416467451e-01,-2.168533333333333246e+01,-7.605816831683167578e+00,6.058168316831675781e-01,-1.918675280763192603e+00,3.305055906660196996e-01,-1.148328001856732953e+03,-1.078030197688792668e+03
-1.683196022188112456e-02,-1.758411545734257786e-03,-2.784675240842638955e-01,-4.937724350814196583e-01,-1.915007407407407669e+01,-8.113151658767773000e+00,1.113151658767772112e+00,-9.665559715010267894e-01,2.719494409333984564e-01,-1.186268489370587758e+03,-1.080518974794330688e+03
-7.755527110214745223e-03,-9.173875757447116485e-04,-1.585713959904815340e-01,-4.793982560059607545e-01,-2.670103703703703957e+01,-7.126913265306122014e+00,1.269132653061220140e-01,-9.940284989735532761e-01,2.133932912007789895e-01,-1.139848985840409114e+03,-1.070969674144907003e+03
-4.909285196551919916e-03,-9.500433561865908802e-04,-2.240115696688669278e-01,-4.846109109353696764e-01,-2.442000000000000171e+01,-8.534451219512195763e+00,1.534451219512195319e+00,-1.021501026446082427e+00,1.548371414681577463e-01,-1.169020014845124933e+03,-1.075013174229312199e+03
-1.466147713883445350e-02,-1.530883486188377345e-03,-2.739437105064942424e-01,-4.751527043582713938e-01,-2.199229629629629557e+01,-8.049357476635513819e+00,1.049357476635514264e+00,-1.048973553918608914e+00,-4.518158940776100252e-01,-1.191235571371472133e+03,-1.071005912194193570e+03
-9.205844672276659174e-03,-1.398901746974746951e-03,-2.784630130106539037e-01,-4.737394329377911384e-01,-2.237140740740740696e+01,-7.927028795811517980e+00,9.270287958115179805e-01,-1.076446081391136289e+00,-5.103720438102312684e-01,-1.195051782526855050e+03,-1.070661074607223554e+03
-1.716233761119501447e-02,-1.782880371257286123e-03,-3.158096454445021850e-01,-4.787528117117646476e-01,-1.991111111111111143e+01,-7.435312499999999325e+00,4.353124999999993250e-01,-1.103918608863665440e+00,-5.689281935428507353e-01,-1.211417567577168484e+03,-1.074082364350290845e+03
-4.760753998775957285e-03,-7.952390999572517792e-04,-2.485729319601377996e-01,-4.630758403672877721e-01,-2.547837037037036723e+01,-8.439294258373205793e+00,1.439294258373205793e+00,-1.131391136336191927e+00,-6.274843432754719785e-01,-1.187401152057998615e+03,-1.065511815049960887e+03
-2.341839766157108316e-03,-5.821065112454929750e-04,-6.701692931549213528e-02,-4.754374718577400460e-01,-2.743978713769012501e+01,-7.316855490078496338e+00,3.168554900784963380e-01,-1.222955668907138360e+00,1.812268738001741042e-01,-1.110646660617496991e+03,-1.068100721849299816e+03
-5.559184214153224668e-03,-7.162446306388531997e-04,-2.251665197536745211e-02,-4.681957765495983192e-01,-2.731938897486565310e+01,-7.232494901545266863e+00,2.324949015452668633e-01,-1.761930842912835971e+00,-4.330603912708941294e-02,-1.120778477321381160e+03,-1.063968228826822724e+03
-3.295411706370744709e-03,-5.486202974764684687e-04,-1.965297667049705210e-01,-4.473958869146026918e-01,-2.794460300118842611e+01,-7.023004377120533270e+00,2.300437712053327033e-02,-9.214068914153248357e-01,-7.700328888269947214e-01,-1.158759186501137719e+03,-1.057755875609684836e+03
-2.783727559029065823e-03,-5.008227499873289107e-04,-2.075215645775786988e-01,-4.633563478676948066e-01,-2.809999977480426026e+01,-6.993267235035332874e+00,-6.732764964667126151e-03,-7.607625576607270901e-01,-3.298107975695430127e-02,-1.157363243879487982e+03,-1.060156306644360711e+03
-1.317935106740602408e-02,-1.537651937505662200e-03,-3.379472800280440836e-01,-4.837215349866963443e-01,-2.292519204234914199e+01,-6.990207083756995843e+00,-9.792916243004157195e-03,-5.440680522994947310e-01,-1.720163573451394257e-03,-1.211018372918685827e+03,-1.074690539760319780e+03
-2.817211124228474750e-03,-5.027923343926890554e-04,-1.492012062769717540e-01,-4.595912615189745587e-01,-2.810000000000000142e+01,-6.988368125142963905e+00,-1.163187485703609525e-02,-1.018234344901864930e+00,-2.080346688040259906e-01,-1.140247180077322810e+03,-1.059453356424362937e+03
-2.864481382359646000e-03,-5.055729378121700743e-04,-2.501244716159365389e-01,-4.474621717751106620e-01,-2.810000000000000142e+01,-6.981435628352941514e+00,-1.856437164705848630e-02,-5.777370792745717409e-01,-6.787672731516858349e-01,-1.172458691085898181e+03,-1.056671575082442814e+03
-2.942337974378733678e-03,-5.121326155089990159e-04,-2.471922063535388903e-01,-4.656758914321315057e-01,-2.808823548566434880e+01,-6.974947897506406314e+00,-2.505210249359368646e-02,-8.915641340691342620e-01,-1.654057216567661470e-02,-1.183643706902374561e+03,-1.062084294347373543e+03
-3.003996937558477132e-03,-5.137797351768068170e-04,-2.561451963567950019e-01,-4.596520515961328157e-01,-2.810000000000000142e+01,-6.960862450271736002e+00,-3.913754972826399836e-02,-7.304978004471118780e-01,-2.068818841536232966e-01,-1.182215670053955819e+03,-1.059489311305685760e+03
-3.036340811645492355e-03,-5.156823160054548223e-04,-5.262971127573218277e-02,-4.587333263719702847e-01,-2.809999995768192349e+01,-6.956068918994290584e+00,-4.393108100570941588e-02,-1.322579382989778729e+00,-2.164926650188307988e-01,-1.111745642914656628e+03,-1.058827750916389050e+03
-3.146098554543202974e-03,-5.221386538229672372e-04,-1.668007522081121352e-01,-4.584396678326420060e-01,-2.809999996097581487e+01,-6.939733855464589318e+00,-6.026614453541068173e-02,-1.105277088620775672e+00,-4.866130037514739826e-01,-1.152990195698712796e+03,-1.062418813425296776e+03
-1.383875537122012875e-02,-1.566361658356901602e-03,-3.770612064579742517e-01,-4.823641996636394147e-01,-2.286955221330067900e+01,-6.879806934648492245e+00,-1.201930653515077552e-01,-4.719914954029533760e-01,-4.913113696094484339e-03,-1.232558032974699472e+03,-1.073349170085720743e+03
-1.443947612205680880e-02,-1.589895121604267478e-03,-4.002436609988809790e-01,-4.843362608053360385e-01,-2.266731980063163476e+01,-6.937050077491153210e+00,-6.294992250884678953e-02,-1.289132120678893045e-02,-6.165388173958064044e-03,-1.236200961073086091e+03,-1.075174531662448544e+03
-1.529679653429021416e-02,-1.660673161147383295e-03,-4.033557536606047766e-01,-4.793951327669539464e-01,-2.197539446471875024e+01,-6.922102813422351453e+00,-7.789718657764854726e-02,-7.219842105843810032e-02,-2.395710632236465187e-01,-1.238831185930904439e+03,-1.072475302924577818e+03
-1.447939808550081572e-02,-1.588802855045348596e-03,-3.851056959439177474e-01,-4.821504553730285858e-01,-2.268863476489126185e+01,-6.939251111300348995e+00,-6.074888869965100469e-02,-3.420461089869686333e-01,-1.061999882374093929e-01,-1.234170201615068891e+03,-1.074088382974754040e+03
-5.342977609048199517e-03,-6.513668334997317014e-04,-1.030618013516267917e-01,-4.622225973476202787e-01,-2.779369334628717070e+01,-6.986198386111774461e+00,-1.380161388822553903e-02,-1.119071455975406693e+00,-1.276036657108594596e-01,-1.122484064288835498e+03,-1.060214020859386892e+03
-4.860875927488281234e-03,-6.894446440694191030e-04,-6.372928829615348567e-02,-4.606409837056470447e-01,-2.766709939466230850e+01,-6.857142857142856762e+00,-1.428571428571432378e-01,-1.454408010035008303e+00,-3.099682574057762707e-01,-1.122663937675083844e+03,-1.061381326235710731e+03
-6.072173559191533510e-03,-7.478293853195980452e-04,-8.943447727354891796e-03,-4.619664239112716841e-01,-2.746510637398102972e+01,-6.969689142886647204e+00,-3.031085711335279598e-02,-1.421221634151946134e+00,-3.362394966229675930e-01,-1.096847259109026709e+03,-1.062655973239005561e+03
-7.401984541129044692e-03,-8.663037671136123406e-04,-9.802244122474057519e-02,-4.705549089193389878e-01,-2.702273459061199290e+01,-7.015818036079343401e+00,1.581803607934340050e-02,-1.121147108695737415e+00,-7.347908063047547955e-02,-1.118070596807086076e+03,-1.066277614130648089e+03
-9.071031334874433971e-03,-1.043012432922891392e-03,2.692241130456041187e-02,-4.727408673521095173e-01,-2.626622246526696358e+01,-7.022337445002444944e+00,2.233744500244494446e-02,-1.839866235188421406e+00,-1.720163573452282435e-03,-1.103854789584834180e+03,-1.066644122736885720e+03
-2.871969469453096446e-03,-5.061042236564877034e-04,-1.868517180196064831e-01,-4.647339750561846339e-01,-2.809358379114390303e+01,-6.987993476936025239e+00,-1.200652306397476110e-02,-1.162017016370970879e+00,-3.865725647092244088e-02,-1.164877921051790508e+03,-1.061537115016164307e+03
-2.864918578920287728e-03,-5.055986552569137309e-04,-3.429289809397101374e-01,-4.654072624258274726e-01,-2.810000000000000142e+01,-6.981371421064027416e+00,-1.862857893597258396e-02,-6.600836204044391309e-03,-1.088255051312527755e-01,-1.207520893461383366e+03,-1.063197008036520174e+03
-2.877770464116698179e-03,-5.063546485037607667e-04,-3.362435829649977892e-01,-4.629583079527954670e-01,-2.809921641463325415e+01,-6.980474876211816948e+00,-1.952512378818305194e-02,-1.015974001707249386e-01,-1.808996514340917017e-01,-1.206407584085700137e+03,-1.062026236647040378e+03
-7.581547412358492083e-03,-1.020575694058677195e-03,-3.408456738824787724e-01,-4.724098323201399996e-01,-2.620673747431463596e+01,-6.978920273277999797e+00,-2.107972672200020270e-02,-5.205740635039708408e-01,-6.583883842783144758e-02,-1.218028478438552384e+03,-1.067118212409677426e+03
-3.103238173452427251e-03,-5.301696060782080597e-04,-1.224793599054530002e-02,-4.623840752103424712e-01,-2.803083958250717700e+01,-6.980295412121617638e+00,-1.970458787838236248e-02,-1.561117287127316011e+00,-1.151681768022632113e-01,-1.107787140396372479e+03,-1.060452502702209586e+03
-1.383125549227035359e-02,-1.586906258973843145e-03,-3.979999450819506346e-01,-4.838957171609739039e-01,-2.251103620971507269e+01,-6.971439937334015902e+00,-2.856006266598409837e-02,-1.125558354277362838e-01,-1.217650778428946978e-06,-1.236872065318503473e+03,-1.074578963590175363e+03
-3.099775443872632152e-03,-5.202026289879359451e-04,-2.428841642412226109e-01,-4.569478084053008038e-01,-2.807296413626306730e+01,-6.976958436958852872e+00,-2.304156304114712839e-02,-5.236389069193938539e-01,-3.030679778177090000e-01,-1.165649659667108608e+03,-1.058587174013511003e+03
-6.497972092334818039e-03,-8.816266771573882596e-04,-3.517746382956331574e-01,-4.672954224582865357e-01,-2.684585669356271964e+01,-6.975271742908915051e+00,-2.472825709108494863e-02,-2.199262672127790808e-01,-2.223636661725176822e-01,-1.217238392070366217e+03,-1.065110347541851070e+03
-1.098929545668044308e-02,-1.313163180705596324e-03,-3.704198738691765191e-01,-4.745694568099824151e-01,-2.469318457885134421e+01,-6.977707924335305734e+00,-2.229207566469426638e-02,-3.072925952847800346e-01,-1.180869156335582204e-01,-1.227224890189582766e+03,-1.068497495236468694e+03
-3.978576613293746678e-03,-5.711079979363517783e-04,-3.263738101209260889e-01,-4.638450906845892341e-01,-2.796883383341170060e+01,-6.980134691686332715e+00,-1.986530831366728478e-02,-1.400453325109145553e-01,-3.884160361255606375e-02,-1.200846788646835421e+03,-1.060547767741026291e+03
-3.640833803626938869e-03,-5.516070266093713557e-04,-3.290502466132756432e-01,-4.648539863310182652e-01,-2.804023418631641107e+01,-6.939485270533152672e+00,-6.051472946684732790e-02,-3.077227253217706959e-01,-1.234867625687181558e-01,-1.208718903001828949e+03,-1.062834639460829067e+03
-1.185837827938244354e-02,-1.404856463599417436e-03,-3.824691455998079914e-01,-4.717144702569102677e-01,-2.409942419502302258e+01,-6.924602552880056550e+00,-7.539744711994345039e-02,-1.819561977160333299e-01,-4.557657396597161181e-01,-1.230683552828320671e+03,-1.069476384284834694e+03
-3.472839807119501576e-03,-5.494055287984626890e-04,-2.598919379164779664e-01,-4.435182181700344506e-01,-2.805127977354066360e+01,-6.911325269653141312e+00,-8.867473034685868782e-02,-8.115180896290246082e-01,-8.619404388854894350e-01,-1.187142807893680811e+03,-1.056385400249932218e+03
-1.333757108982607312e-02,-1.517071232885620988e-03,-3.944440329506142540e-01,-4.829951752849596103e-01,-2.324749593238583145e+01,-6.945584056153084163e+00,-5.441594384691583741e-02,-7.633403554281770198e-02,-1.284028325758681532e-01,-1.234661447084617976e+03,-1.075440289850263071e+03
-3.494297528155845822e-03,-5.463261465364862603e-04,-3.118540798785061630e-01,-4.712874966065309645e-01,-2.807678183721541387e+01,-6.897870711604047855e+00,-1.021292883959521447e-01,-5.364807569659184594e-01,-7.598619256833138991e-03,-1.206049933202665216e+03,-1.067221662170776426e+03
-1.331131454473329784e-02,-1.520981188883326757e-03,-3.976511526311504729e-01,-4.738049610338682660e-01,-2.325853833361705725e+01,-6.890030044994117198e+00,-1.099699550058828024e-01,-6.131363672587930580e-03,-4.488518233599938512e-01,-1.235140585129047395e+03,-1.070596190728032980e+03
-9.010929283605393497e-03,-1.066269831200103435e-03,-3.688782089290801869e-01,-4.722490391263396980e-01,-2.614899589975117777e+01,-6.979921876675458492e+00,-2.007812332454150805e-02,-7.022132834400807155e-02,-1.167276030421247057e-01,-1.222422281669660833e+03,-1.067564753071627138e+03
-1.280767028206853536e-02,-1.437675503689481854e-03,-3.873887157839781548e-01,-4.799586362226277436e-01,-2.394017447622943351e+01,-6.966806962891243238e+00,-3.319303710875676217e-02,-1.101532955804742642e-01,-5.287639034938429461e-02,-1.231838491438697019e+03,-1.072273392053555199e+03
-3.662317822784880161e-03,-5.525045253566862082e-04,-3.230305661597079325e-01,-4.635506058673058982e-01,-2.809999379393755703e+01,-6.861472646118265573e+00,-1.385273538817344274e-01,-5.040061053015598702e-02,-1.174370563589466343e-02,-1.195391818793767925e+03,-1.060000868889019330e+03
-9.476118423092230042e-03,-1.173703258458190513e-03,-3.762728039012328551e-01,-4.684951600974713859e-01,-2.561010506052144109e+01,-6.864262294918995977e+00,-1.357377050810040231e-01,-3.742633844466691784e-02,-2.429535577345980357e-01,-1.225367720052826598e+03,-1.065315510218698819e+03
-2.732037107159676625e-03,-4.977820980945242557e-04,-2.503639173293210063e-01,-4.572567678362449706e-01,-2.810000000000000142e+01,-7.000811233136673195e+00,8.112331366731950766e-04,-8.940477432821136716e-01,-2.788407482403636450e-01,-1.185373400420015514e+03,-1.058510484321452395e+03
-2.732138833089065022e-03,-4.977880819727244915e-04,-1.952919243673676974e-01,-4.591782374105057296e-01,-2.809999999999999787e+01,-7.000796408806909454e+00,7.964088069094543698e-04,-1.157283864509391691e+00,-2.358868741204345199e-01,-1.168636628413584276e+03,-1.059516657968966229e+03
-2.734758789573521476e-03,-4.979456622108409218e-04,-3.358483241699691257e-01,-4.611654113208063510e-01,-2.809955110913176668e+01,-7.000963146620448718e+00,9.631466204487182381e-04,-1.860477214091478260e-01,-3.267151772931438103e-01,-1.209104528849378312e+03,-1.062513986827502094e+03
-2.737727271724908762e-03,-4.981168136571853013e-04,-2.929329346339436535e-01,-4.534324000913362296e-01,-2.810000000000000142e+01,-6.999981880972714343e+00,-1.811902728565684129e-05,-5.217619023374471254e-01,-4.541627343497562919e-01,-1.194788789023710251e+03,-1.057987473521203583e+03
-3.530869622533322483e-03,-5.850164910880910341e-04,-3.316998318892603326e-01,-4.505802002093784453e-01,-2.785082893744343835e+01,-6.987525573205156881e+00,-1.247442679484311867e-02,-1.394017612106681625e-01,-6.073731941235740450e-01,-1.204019389033286188e+03,-1.057733730566267468e+03
-8.026487495246280301e-03,-1.059354948716011114e-03,-3.500599512143948155e-01,-4.680721671571989595e-01,-2.602853716135400219e+01,-6.984804487583311072e+00,-1.519551241668892771e-02,-4.095759234905216317e-01,-3.172731413533842471e-01,-1.219986833972961904e+03,-1.066255711895434160e+03
-3.975011728684675616e-03,-6.009801957455606931e-04,-3.134068563441885225e-01,-4.631669719007470709e-01,-2.782833960666797424e+01,-6.998975756606879095e+00,-1.024243393120904955e-03,-5.084517797062630962e-01,-1.676015489810360748e-01,-1.205418231387877086e+03,-1.061711081159424339e+03
-6.195488764962998190e-03,-8.455750005279068140e-04,-3.579179122602541563e-01,-4.722880208118851453e-01,-2.698075928718130001e+01,-6.989637529990386788e+00,-1.036247000961321163e-02,-9.363511073665087281e-02,-5.081710985745591103e-02,-1.217669976673681276e+03,-1.067556340916953332e+03
-5.051644124848084227e-03,-7.125018051212918344e-04,-3.561816307826226602e-01,-4.713154180145536776e-01,-2.747262764763661380e+01,-6.996503568425872288e+00,-3.496431574127711883e-03,-2.084190661776652576e-02,-2.908763931402003067e-02,-1.215402217558472785e+03,-1.066871290926291522e+03
-3.255634768984154437e-03,-5.347207729520979738e-04,-3.127218222692164096e-01,-4.502859356006659319e-01,-2.805956676324147736e+01,-6.943530719786417116e+00,-5.646928021358288419e-02,-4.186195142299702354e-01,-6.503770892219922217e-01,-1.202611908662689302e+03,-1.058329914466781247e+03
-1.061297319621320318e-02,-1.284970902947203848e-03,-3.850997834359116134e-01,-4.762846502525656112e-01,-2.486117207077647961e+01,-6.972159499231929125e+00,-2.784050076807087493e-02,-2.303063739718780312e-03,-1.430975811261507857e-01,-1.229016240536615214e+03,-1.070518686498436637e+03
-1.287723084680695088e-02,-1.497790702808592935e-03,-3.967303554498377016e-01,-4.762326818467966238e-01,-2.338156149569909914e+01,-6.919753511841463478e+00,-8.024648815853652195e-02,-7.009230988293424502e-03,-1.796770077553331291e-01,-1.234712028560261388e+03,-1.069807725361242092e+03
-3.774848476864947622e-03,-5.591325603704197164e-04,-3.146262977019563256e-01,-4.524730434380367927e-01,-2.801889151393631749e+01,-6.948040677433251489e+00,-5.195932256674851146e-02,-3.722062789558382434e-01,-5.102360052520760192e-01,-1.202033990051084174e+03,-1.057964115529304536e+03
-4.610119045719632269e-03,-6.706373167578718545e-04,-3.434634212373294249e-01,-4.528272966531221577e-01,-2.769708917709157348e+01,-6.884962291232433529e+00,-1.150377087675664711e-01,-1.402616164988081948e-01,-5.555024677696538404e-01,-1.211413750516126129e+03,-1.058564640582907259e+03
-8.740579829431077696e-03,-1.033608766357737782e-03,-3.704108564870825515e-01,-4.605692180441486872e-01,-2.629261571572386202e+01,-6.998448045650026650e+00,-1.551954349973350133e-03,-1.642620040200171161e-02,-5.488104594359395350e-01,-1.222175950320663787e+03,-1.063240268021750580e+03
-4.240412259641904158e-03,-5.980490219333160773e-04,-3.361276730043568639e-01,-4.684792076481173462e-01,-2.795289473658304757e+01,-6.899281417914237657e+00,-1.007185820857623426e-01,-2.252280092459759686e-01,-7.930648396989425919e-02,-1.210192369844950463e+03,-1.065424938041637006e+03
-4.358099208176126338e-03,-6.012031314962459905e-04,-3.272735699544225829e-01,-4.692692833210376224e-01,-2.795268777791815751e+01,-6.901087532450749684e+00,-9.891246754925031581e-02,-3.525559318445150581e-01,-1.941324702865898644e-03,-1.208866414480533649e+03,-1.065113147038556917e+03
-1.204830082804662222e-02,-1.386664945369394872e-03,-3.895954443938758338e-01,-4.808342808543249469e-01,-2.431439364834945849e+01,-6.920656278806390560e+00,-7.934372119360943998e-02,-5.298594721683258513e-03,-3.731450144718628792e-02,-1.231239393362456440e+03,-1.073212691728413574e+03
-4.165713914363586290e-03,-5.895077029291848764e-04,-3.333445826740112361e-01,-4.566792698795991701e-01,-2.799109770918275331e+01,-6.884389444776140010e+00,-1.156105552238599898e-01,-1.910714542810190153e-01,-4.267518925267186347e-01,-1.207352747052937730e+03,-1.060092948601394028e+03
-1.504974485232545012e-02,-1.615561614932596330e-03,-4.035943650058995136e-01,-4.703078514681775513e-01,-2.243336834087201126e+01,-6.994295087643743081e+00,-5.704912356256919281e-03,-1.912543915238984482e-06,-6.765042710543749394e-01,-1.237926406894740694e+03,-1.069689263141117863e+03
-3.135635435073204358e-03,-5.446299780014597983e-04,-3.367852207259557362e-01,-4.542019053477310830e-01,-2.796049826134163396e+01,-6.999910796648618927e+00,-8.920335138107304829e-05,-1.896611000110528522e-01,-4.817892627876014799e-01,-1.209443598652113906e+03,-1.058857877479650142e+03
-2.739045257763930707e-03,-4.981944856060631539e-04,-1.765053174847145967e-01,-4.596443331742395277e-01,-2.809999909997133472e+01,-6.999790166725918361e+00,-2.098332740816388764e-04,-7.267884088164358047e-01,-2.052282841974433225e-01,-1.138735459296673071e+03,-1.059457078968269343e+03
-5.737315040742256567e-03,-8.352151634351899067e-04,-3.638051636612682493e-01,-4.721425866341588118e-01,-2.696239232284742116e+01,-6.998900081536610251e+00,-1.099918463389748524e-03,-1.918673369516454841e-06,-1.309558328443927167e-06,-1.218678545627170024e+03,-1.066742705466762573e+03
-9.477288619035410117e-03,-1.211677848371294202e-03,-3.807066785674774190e-01,-4.786587564975336440e-01,-2.520617183564561969e+01,-6.994492674319275238e+00,-5.507325680724761696e-03,-2.686893579853411040e-02,-1.309558333772997685e-06,-1.227313133183843775e+03,-1.071397693622560155e+03
-2.905505299367901195e-03,-5.086266566914979248e-04,-3.490200009006865223e-01,-4.681994410488333203e-01,-2.808109277892647526e+01,-6.996085219111457754e+00,-3.914780888542246373e-03,-4.068743437597888146e-03,-2.650013069732803928e-02,-1.211604945025082088e+03,-1.064595299396680048e+03
-2.981117697998476868e-03,-5.124338975556301523e-04,-3.238392440377932946e-01,-4.537788698259933584e-01,-2.807893463200570139e+01,-6.990896261446897242e+00,-9.103738553102758146e-03,-2.129657927416186425e-01,-4.722430442614671264e-01,-1.202246934013519876e+03,-1.058508336762633007e+03
-7.986809460937622368e-03,-1.060488243177076621e-03,-3.730643661720496329e-01,-4.652289423142143554e-01,-2.602047704337828549e+01,-6.978815205686986545e+00,-2.118479431301345528e-02,-2.039586405490112497e-02,-4.304016328980866390e-01,-1.223525532782566643e+03,-1.065268784348326790e+03
-3.091981893822245975e-03,-5.258599568745080631e-04,-3.390753002752096568e-01,-4.596349899309067344e-01,-2.805588545197821304e+01,-6.968839768076115604e+00,-3.116023192388439611e-02,-1.516000289600354378e-01,-3.032280899867263457e-01,-1.209909083203467389e+03,-1.060853029882671308e+03
-1.062305134480728483e-02,-1.305183378275472702e-03,-3.860807184771903877e-01,-4.788936314381154191e-01,-2.470939976211040090e+01,-6.958008324123761135e+00,-4.199167587623886533e-02,-9.102759576123276020e-03,-2.606868877829437992e-02,-1.229604019230453787e+03,-1.071525716659007685e+03
-1.115717491277614173e-02,-1.346856955716587041e-03,-3.787273949832479225e-01,-4.805581046217214936e-01,-2.445077224109942904e+01,-6.961447392597809980e+00,-3.855260740219002003e-02,-1.948239333181760458e-01,-2.291233006462789490e-02,-1.229163960375374245e+03,-1.072894411012955061e+03
-3.814422377443518752e-03,-5.981196930995909961e-04,-3.499736153472116085e-01,-4.454116207188684728e-01,-2.786170351929388289e+01,-6.948237515155127220e+00,-5.176248484487278034e-02,-3.479523257228489541e-02,-8.463660321485413363e-01,-1.212681153557525022e+03,-1.057315775796422713e+03
-1.409702933322940985e-02,-1.583853190849722394e-03,-3.905609298083304592e-01,-4.792845352436805872e-01,-2.259154535374131711e+01,-6.992716705494610885e+00,-7.283294505389115159e-03,-2.592779111315373086e-01,-2.113092458127443507e-01,-1.235552424479190677e+03,-1.072450736891403949e+03
-3.701159799443749787e-03,-5.550960624630769599e-04,-2.966399832883286347e-01,-4.638603230775251163e-01,-2.800921375360587007e+01,-6.969874107799228113e+00,-3.012589220077188656e-02,-5.717545487985722374e-01,-1.059465079551369371e-02,-1.198438953558987123e+03,-1.060163303753533228e+03
-1.156253046385084804e-02,-1.387476130804738469e-03,-3.899135429314382617e-01,-4.769394434425065499e-01,-2.419481514751181805e+01,-6.931276982432070355e+00,-6.872301756792964511e-02,-1.853720635357536395e-02,-2.487101467491079632e-01,-1.231603996078279124e+03,-1.071781179044646933e+03
-9.644170221642385521e-03,-1.175218256546362288e-03,-3.784539387596188575e-01,-4.694034165912435164e-01,-2.550989871086980543e+01,-6.989439197227788725e+00,-1.056080277221127517e-02,-1.525096613367793452e-02,-3.185123122792150596e-01,-1.226029951096225659e+03,-1.066982841773273776e+03
-1.585685648652669644e-02,-1.727882399069969807e-03,-4.116744751874207298e-01,-4.794584960042806432e-01,-2.110009753687350553e+01,-6.945549418748225179e+00,-5.445058125177482111e-02,-1.925690325421669513e-06,-3.746076877471988809e-01,-1.241835126910497138e+03,-1.073417791152224254e+03
-3.276709151931268826e-03,-5.298216301399122363e-04,-3.104559567708390366e-01,-4.646713954894359788e-01,-2.810000000000000142e+01,-6.920156851546737542e+00,-7.984314845326245802e-02,-5.497655107212064962e-01,-1.403329461895257424e-01,-1.205739424337951959e+03,-1.062977385862706569e+03
-3.288971011960586943e-03,-5.305429160239903338e-04,-3.365633830554892181e-01,-4.581739727201422641e-01,-2.809999999999999787e+01,-6.918311165764005288e+00,-8.168883423599471172e-02,-1.918673362411027483e-06,-2.661324811583147820e-01,-1.202815338015548377e+03,-1.059105662834333771e+03
-9.392481623041841476e-03,-1.168186305009730891e-03,-3.769227076013217936e-01,-4.796761710337014706e-01,-2.563951846742209284e+01,-6.859312236107039773e+00,-1.406877638929602270e-01,-2.021470425412630334e-02,-1.013660287159368067e-02,-1.225379036518935663e+03,-1.072830686996039276e+03
-6.122541357023360969e-03,-7.936860452631073256e-04,-3.382452466778301803e-01,-4.581264211683734877e-01,-2.729844811053519393e+01,-6.912472906171459819e+00,-8.752709382854018116e-02,-3.350384898472587025e-01,-4.862879280051375375e-01,-1.213371492525178382e+03,-1.061382938188674416e+03
-2.739593223664772703e-03,-4.984325182502847423e-04,1.531476521742392016e-02,-4.482395775183019015e-01,-2.809842872067902420e+01,-7.000669456586201100e+00,6.694565862011003787e-04,-1.742801098442271268e+00,-6.610286247026593287e-01,-1.106844211009298306e+03,-1.056992189026935421e+03
-2.736138056001279073e-03,-4.980234134538000582e-04,-3.484220859122220126e-01,-4.512505576677224850e-01,-2.809999951004295582e+01,-7.000213745695748280e+00,2.137456957482797293e-04,-8.114018949213708254e-03,-5.968976917579489339e-01,-1.211388140373177521e+03,-1.058348386430364599e+03
-6.533786289505662259e-03,-9.161804402643737317e-04,-3.664286616801908369e-01,-4.730161877003909998e-01,-2.664118898867753771e+01,-6.999067873895248759e+00,-9.321261047512408027e-04,-1.860514440199700914e-02,-4.975007815333309935e-02,-1.220298706849957625e+03,-1.067893683055000793e+03
-2.915565553540895583e-03,-5.098490496140430615e-04,-2.488362030404781544e-01,-4.551042115381304098e-01,-2.807460018718909112e+01,-6.999637225356584835e+00,-3.627746434151646326e-04,-7.452017117268319168e-01,-3.956100993546529665e-01,-1.178805363398087366e+03,-1.058445819054549020e+03
-1.440226364470662684e-02,-1.633883471503806955e-03,-4.061490311710471701e-01,-4.762147375918476810e-01,-2.203263065044174596e+01,-6.981854221900639423e+00,-1.814577809936057662e-02,-1.918673369516454841e-06,-4.449567424550409100e-01,-1.239162216159094669e+03,-1.071852641651517388e+03
-2.871198342645840673e-03,-5.059680531231225235e-04,-2.135186772178014336e-01,-4.461302229737048597e-01,-2.810000000000000142e+01,-6.980448985001974194e+00,-1.955101499802580634e-02,-8.526751550745670372e-01,-7.207493809263771922e-01,-1.164800879579377579e+03,-1.056297439557001098e+03
-1.029001739982258329e-02,-1.273125236745840548e-03,-3.778455615322268146e-01,-4.673172629134229039e-01,-2.487352477346342638e+01,-6.995037231792845311e+00,-4.962768207154688582e-03,-1.385342443353589914e-01,-4.420112061670389281e-01,-1.227831063393048225e+03,-1.066231187795975984e+03
-1.135143913048852413e-02,-1.362768996125640186e-03,-3.850430440448562863e-01,-4.750813177748733351e-01,-2.431783954981426632e+01,-6.989883399641547257e+00,-1.011660035845274308e-02,-9.521890611617145339e-02,-2.821614091570792127e-01,-1.230505613161184783e+03,-1.070590789437821968e+03
-5.864655747686228771e-03,-8.142712709261464097e-04,-3.392876686623601534e-01,-4.688011574847764651e-01,-2.710004153874477595e+01,-6.983906291776702524e+00,-1.609370822329747597e-02,-3.616555909551379955e-01,-7.752199197241793627e-03,-1.214360915615113754e+03,-1.063790566852750771e+03
-3.987316986838101984e-03,-5.903315474442042635e-04,-3.512232815639942940e-01,-4.662317887550895268e-01,-2.788228914612421505e+01,-6.989652732000200430e+00,-1.034726799979956979e-02,-1.345483270570024814e-02,-2.069464677819867759e-01,-1.212871699399341651e+03,-1.065017947177158703e+03
-3.385019423651165760e-03,-5.361928225940237186e-04,-2.725178633433146258e-01,-4.608628859666821231e-01,-2.805226688971612248e+01,-6.964643809777132155e+00,-3.535619022286784485e-02,-6.020080577814077571e-01,-1.435059831852329992e-01,-1.186063086894784192e+03,-1.059532555320976826e+03
-3.228264543762036920e-03,-5.269720130247953355e-04,-3.445775915196461758e-01,-4.583040216907802722e-01,-2.809999953762861935e+01,-6.927436017541520386e+00,-7.256398245847961448e-02,-1.918673365963741162e-06,-2.368140153268258885e-01,-1.208428904744725060e+03,-1.058767429095697480e+03
-6.776630914969185987e-03,-8.891104361266851438e-04,-3.640090551032690858e-01,-4.587332989371324388e-01,-2.685895208931418665e+01,-6.960164434217373852e+00,-3.983556578262614778e-02,-1.633125132312329697e-02,-5.007100643071025203e-01,-1.219081560394425424e+03,-1.061651095535874219e+03
-5.741148972493059777e-03,-7.616472675649279579e-04,-3.520116869344928068e-01,-4.584541943351467808e-01,-2.734574042813623151e+01,-6.980271256101529431e+00,-1.972874389847056875e-02,-1.135960043546582199e-01,-5.593256959831798270e-01,-1.215273814615039782e+03,-1.062642860565860474e+03
-4.390464309316950697e-03,-6.188093194409956862e-04,-3.336211352135491914e-01,-4.695926395315100366e-01,-2.783927121619711542e+01,-6.954972637035766958e+00,-4.502736296423304196e-02,-2.867807739372505438e-01,-4.765544863332138448e-03,-1.210333512322010165e+03,-1.065328037730670758e+03
-1.412154962380728421e-02,-1.560747359501626734e-03,-3.988123812571177096e-01,-4.829241921365888257e-01,-2.289973816512133098e+01,-6.975000939287386181e+00,-2.499906071261381868e-02,-3.616878617281926722e-02,-4.468455455342912330e-03,-1.236147394604594410e+03,-1.073917666440324183e+03
-7.390797833732115629e-03,-9.171581317472007715e-04,-3.657671793067615029e-01,-4.593500536194921602e-01,-2.679027491823751106e+01,-6.966992294877270453e+00,-3.300770512272954704e-02,-8.300972338126655359e-04,-5.986206379518721477e-01,-1.219643412994059645e+03,-1.063339175276878450e+03
-3.668646966048474956e-03,-5.528767956762183772e-04,-2.631295781351593033e-01,-4.637463113200627762e-01,-2.808334597052478188e+01,-6.882008073457510200e+00,-1.179919265424898001e-01,-5.020899562273779537e-01,-7.706241569582772399e-05,-1.176587479611521076e+03,-1.059978682826308386e+03
-1.411870461525507187e-02,-1.570341633717019887e-03,-3.947836616595677417e-01,-4.818797340585031508e-01,-2.283001696619950494e+01,-6.934071080254382125e+00,-6.592891974561787549e-02,-1.335057888454311836e-01,-1.706203468646450006e-02,-1.235667337804806039e+03,-1.072976398102498706e+03
-1.053744242123047861e-02,-1.251034987252582246e-03,-3.705348462354811634e-01,-4.656701384540880562e-01,-2.517873830761293164e+01,-6.911184401861586224e+00,-8.881559813841377604e-02,-2.189936844484732248e-01,-4.660383734984065995e-01,-1.225803074797496720e+03,-1.065400960210207131e+03
-2.739000465655519467e-03,-4.983692664206674540e-04,-3.490653952459554787e-01,-4.671676046134122240e-01,-2.809891702041338846e+01,-7.000281188191363135e+00,2.811881913631353314e-04,-2.741739299594314616e-05,-1.089565449024316734e-01,-1.211548781882748017e+03,-1.064791503842716793e+03
-2.741662361798527514e-03,-4.983482895438689358e-04,-1.106143173097015042e-01,-4.518027317093603612e-01,-2.809999999868274401e+01,-6.999408174900003665e+00,-5.918250999963348136e-04,-9.222970961736685069e-01,-5.016293498487645053e-01,-1.115459379890951595e+03,-1.057394668650742688e+03
-1.073654487560791668e-02,-1.327901155082587001e-03,-3.830231119309679411e-01,-4.705865501371397919e-01,-2.449837058507154808e+01,-6.995865077563909296e+00,-4.134922436090704423e-03,-1.043359844139821746e-01,-5.383587312788229440e-01,-1.229700042597015681e+03,-1.069707155661297065e+03
-7.180585660220693833e-03,-9.816066415102538741e-04,-3.704126394062275951e-01,-4.638739062395771939e-01,-2.637318034794141042e+01,-6.986535911097234042e+00,-1.346408890276595827e-02,-1.129491472124932727e-03,-4.756396943240597253e-01,-1.221895422614840754e+03,-1.065019220455772484e+03
-6.574970978615569950e-03,-9.189969175256460041e-04,-3.662738288156426880e-01,-4.576028280289949346e-01,-2.664547318212468241e+01,-6.983360935120834334e+00,-1.663906487916566590e-02,-2.022083380569128508e-02,-5.813900802827136616e-01,-1.220252098021692291e+03,-1.061646685497232738e+03
-3.027884174833052333e-03,-5.151848667811933895e-04,-2.972976742775267356e-01,-4.635166875144658416e-01,-2.807561631898301613e+01,-6.988194550397355265e+00,-1.180544960264473531e-02,-2.500078346902512294e-01,-5.444110936822355029e-02,-1.186583146090901664e+03,-1.060615286984369959e+03
-1.061550221439544126e-02,-1.302090726614350824e-03,-3.843836346476994792e-01,-4.755829529232742936e-01,-2.471173204561253200e+01,-6.979941742762140855e+00,-2.005825723785914505e-02,-4.148276389851268675e-02,-1.403093807679258731e-01,-1.229316702056303939e+03,-1.069724747693798008e+03
-5.211692859019761981e-03,-7.496603415124460101e-04,-3.582060164771356803e-01,-4.645664384390121859e-01,-2.734442953104494478e+01,-6.965972531870980866e+00,-3.402746812901913387e-02,-1.514570703309026101e-02,-2.348581250920842578e-01,-1.216270059544872993e+03,-1.063378968700090127e+03
-4.017241981780626803e-03,-6.098164790738613145e-04,-3.288284596131658688e-01,-4.638560365625580273e-01,-2.784290801558099560e+01,-6.940798814142020490e+00,-5.920118585797951027e-02,-3.549629131072666866e-01,-4.541070716614115099e-02,-1.209604308353347733e+03,-1.060506836095144990e+03
-6.827788381619657315e-03,-9.254647773170275593e-04,-3.596206332916677129e-01,-4.678593265048636152e-01,-2.669481042677833216e+01,-6.928443406299837015e+00,-7.155659370016298482e-02,-1.225552172859689648e-01,-1.626554438112721712e-01,-1.219023095101292938e+03,-1.064671187852402227e+03
-3.330629218482927811e-03,-5.329983137987602190e-04,-3.238220903021402086e-01,-4.622841464572613468e-01,-2.809818931901702754e+01,-6.914327243778907395e+00,-8.567275622109260524e-02,-1.514825137431055069e-01,-6.728257318946351262e-02,-1.199982827629735766e+03,-1.059692172721274346e+03
-3.555982528880438642e-03,-5.468225878504755222e-04,-3.111458208593519403e-01,-4.641204075144513275e-01,-2.806659749572371609e+01,-6.917719381199216144e+00,-8.228061880078385570e-02,-1.615944815706793491e-01,-1.544709868347204917e-03,-1.191865509661267652e+03,-1.060340321742429296e+03
-5.239389286217970010e-03,-7.422104207387544752e-04,-3.566841358341797941e-01,-4.538324889850210431e-01,-2.743624961366632675e+01,-6.902368743024343445e+00,-9.763125697565655514e-02,-2.081108756479732591e-02,-5.749942276693742471e-01,-1.215650072978092339e+03,-1.059363017331645324e+03
-9.308429588799273235e-03,-1.169118325727478867e-03,-3.753749795752860940e-01,-4.658852214393696123e-01,-2.558314206116597944e+01,-6.896879860589926636e+00,-1.031201394100733637e-01,-5.869139753480112631e-02,-4.033812261056830550e-01,-1.225309584818910935e+03,-1.065115225327547023e+03
-8.962382353421997905e-03,-1.089368403797526079e-03,-3.736829419782130568e-01,-4.706748342260377305e-01,-2.600423054765372655e+01,-6.966513512927011931e+00,-3.348648707298806926e-02,-1.234031133970514560e-02,-1.502995324213527439e-01,-1.223678844633187509e+03,-1.066417977367234926e+03
-1.600292817089234154e-02,-1.707951262196430453e-03,-4.068766234563520046e-01,-4.848837185451383980e-01,-2.140844701079231882e+01,-6.983515067594931125e+00,-1.648493240506887503e-02,-7.170934704053699704e-02,-4.385735820939018481e-02,-1.240496448818746785e+03,-1.075329796879026162e+03
-1.062840404241947520e-02,-1.249566220927179677e-03,-3.822508017750981812e-01,-4.753544578942615617e-01,-2.515349411032575944e+01,-6.966176292774188816e+00,-3.382370722581118372e-02,-6.817545001821301298e-03,-5.402335133849067716e-02,-1.227717010683401440e+03,-1.068824345500358049e+03
-3.720322407739000414e-03,-5.643376620717095640e-04,-3.204979920505173219e-01,-4.626717359587828038e-01,-2.804371168639013945e+01,-6.880979882003074977e+00,-1.190201179969250234e-01,-3.618752997443586139e-01,-9.530427299085708626e-02,-1.205305673449623100e+03,-1.060425698759233910e+03
-1.185638086001811892e-02,-1.400234892793924928e-03,-3.886760645174214823e-01,-4.740444992510056132e-01,-2.419654621212540135e+01,-6.872792294755272202e+00,-1.272077052447277978e-01,-4.316437246589632792e-02,-4.291441849928041563e-01,-1.231401517817133026e+03,-1.071181148039805748e+03
-1.475371819172411475e-02,-1.597230594339821112e-03,-4.023494818026491782e-01,-4.796246331131547302e-01,-2.260835899191630460e+01,-6.978808415033291190e+00,-2.119158496670880965e-02,-2.064399363479907379e-03,-1.171736379614030099e-01,-1.237353996633031102e+03,-1.071752276128526546e+03
-1.976831935320860767e-03,-4.935885230184697790e-04,-3.150217908088667196e-01,-4.566345125596218413e-01,-2.785332919333774981e+01,-7.215655060807110388e+00,2.156550608071103881e-01,-1.984124927639632219e-01,-3.948938573165161614e-01,-1.195278510501549817e+03,-1.059452322343159722e+03
-2.707444780491660707e-03,-4.963354906434651846e-04,-2.478441877199539234e-01,-4.694892612160804224e-01,-2.809999999999999787e+01,-7.004392449083283623e+00,4.392449083283622713e-03,-5.103094178801761416e-01,-9.777998111140995263e-03,-1.168012951325379845e+03,-1.065595998780632272e+03
-2.737550126302758235e-03,-4.981063933382351427e-04,-2.410216589962834166e-01,-4.561944263116662901e-01,-2.810000000000000142e+01,-7.000007704400417197e+00,7.704400417196666240e-06,-8.491444991407224308e-01,-4.091216980913952028e-01,-1.178895672569180533e+03,-1.059564222629755704e+03
-2.742113916731625523e-03,-4.983748515987570030e-04,-1.812796479063136790e-01,-4.656650760023143265e-01,-2.810000000000000142e+01,-6.999342331368290537e+00,-6.576686317094626588e-04,-9.657298811976069430e-01,-1.179529219893256098e-01,-1.153566107018231151e+03,-1.063558590820196287e+03
-2.746388142726617632e-03,-4.986262766572858995e-04,-2.290005536923824248e-01,-4.675934696181652805e-01,-2.809999998068349569e+01,-6.998719038822144078e+00,-1.280961177855921562e-03,-5.580958115744554249e-01,-6.937336998072662908e-02,-1.159332490840892206e+03,-1.064645221481885301e+03
-2.794972324202830982e-03,-5.014841696852987557e-04,-1.775332374262345025e-01,-4.584480638479562775e-01,-2.809999999251521530e+01,-6.991622981519272528e+00,-8.377018480727471683e-03,-1.211080468965338497e+00,-3.076703449193987083e-01,-1.162603505218680993e+03,-1.059961377933551375e+03
-6.201887900512036145e-03,-8.765729833355563692e-04,-3.539660784795176651e-01,-4.547428414541796471e-01,-2.681774245878418128e+01,-6.989983819269409260e+00,-1.001618073059074021e-02,-1.904686538990425504e-01,-6.918497622421604376e-01,-1.217683107749631745e+03,-1.061067372405150309e+03
-2.942793315761936535e-03,-5.106216528941772553e-04,-3.438084884917396167e-01,-4.636807029415574433e-01,-2.808771452955341985e+01,-6.983243647276665911e+00,-1.675635272333408921e-02,-3.195835517440137608e-02,-9.432626867793914016e-02,-1.209010233184691060e+03,-1.061393363963701859e+03
-3.411385523584123391e-03,-5.510202527997136099e-04,-2.973184920777091067e-01,-4.636816688809374254e-01,-2.797275689892177652e+01,-6.992988191716816182e+00,-7.011808283183817991e-03,-3.879323326988686205e-01,-2.495388069914827867e-02,-1.191967670018255831e+03,-1.060177028137986099e+03
-9.387563521286231005e-03,-1.187760870925518714e-03,-3.775379847470030081e-01,-4.755465078509820143e-01,-2.540489195182640358e+01,-6.956948931995945884e+00,-4.305106800405411605e-02,-5.094090176529242342e-02,-8.960138520969618270e-02,-1.226207071601248572e+03,-1.069647814481854766e+03
-7.263680223506135264e-03,-9.493630962585412284e-04,-3.615240871197443751e-01,-4.718314924824242862e-01,-2.656311404941641285e+01,-6.997942905761837196e+00,-2.057094238162804345e-03,-1.167031666295414993e-01,-3.572473269147291575e-02,-1.219806178322477308e+03,-1.066518572991237306e+03
-1.072090475225695796e-02,-1.297464863799595780e-03,-3.852153728664293730e-01,-4.639087629997152296e-01,-2.477078593048735300e+01,-6.979918674121627475e+00,-2.008132587837252458e-02,-1.549755618680670466e-02,-6.300960741971506351e-01,-1.229290873717437762e+03,-1.065678342113455756e+03
-8.625172250090368947e-03,-1.115224256617928459e-03,-3.692977441617726342e-01,-4.605113865558154163e-01,-2.579832220502661499e+01,-6.942741432652320910e+00,-5.725856734767909018e-02,-1.283687089110241430e-01,-6.322251631114816917e-01,-1.223662695219389434e+03,-1.063842963283365179e+03
-1.351546486802924010e-02,-1.531355834607344910e-03,-3.989186645730602443e-01,-4.823451885965704955e-01,-2.306852093216789257e+01,-6.998881146984285095e+00,-1.118853015714904586e-03,-8.230621810559668461e-03,-3.429855679788307299e-02,-1.235786826377679745e+03,-1.073776498139774503e+03
-3.327350336293735666e-03,-5.328005233377047095e-04,-2.664970953438681733e-01,-4.606200042662342287e-01,-2.810000000000000142e+01,-6.912525535489220552e+00,-8.747446451077944829e-02,-4.253332147414425890e-01,-1.665007683069408273e-01,-1.175196147475969838e+03,-1.059728778054693066e+03
-1.029555616749451216e-02,-1.236445471377735751e-03,-3.785063498507132973e-01,-4.751950701945746314e-01,-2.518914008416210848e+01,-6.970614741420888549e+00,-2.938525857911145067e-02,-7.115140576422263052e-02,-8.293467891108186052e-02,-1.227013490080823658e+03,-1.069058860361208872e+03
-4.433308554679139812e-03,-6.369386165271031120e-04,-3.526472972404003925e-01,-4.573930067225770446e-01,-2.778754110279992773e+01,-6.928879688010332494e+00,-7.112031198966750623e-02,-1.100932625047157387e-02,-4.949887921265929691e-01,-1.213502130634652303e+03,-1.061393572640260118e+03
-1.287334170337455647e-02,-1.459592785145447146e-03,-3.940010285726268657e-01,-4.732962733559582524e-01,-2.371340557804506943e+01,-6.985387840321993558e+00,-1.461215967800644222e-02,-1.234225344197703578e-02,-3.916931353284756057e-01,-1.233476447081955257e+03,-1.069843403910945426e+03
-1.711449413812124454e-02,-1.792565629832243088e-03,-4.082533216902365369e-01,-4.804596327573456560e-01,-2.032482682706272215e+01,-6.998236859785190056e+00,-1.763140214809943984e-03,-1.878042198055016598e-01,-3.784668509910966705e-01,-1.242665600792479609e+03,-1.073930285573053652e+03
-3.663549682285577314e-03,-5.525769554548718397e-04,-3.233001453133855785e-01,-4.655292778149480171e-01,-2.808752260156481029e+01,-6.877405448363250073e+00,-1.225945516367499266e-01,-1.020364651285188273e-02,-4.458658288033490180e-04,-1.193826954485906299e+03,-1.061698785232839782e+03
-2.736345149240732022e-03,-4.980355123345866185e-04,-2.368758007788664965e-01,-4.603283961332900742e-01,-2.809999999331620302e+01,-7.000183361644222835e+00,1.833616442228347410e-04,-5.726246599002537963e-01,-1.474590384153353639e-01,-1.164607707730121774e+03,-1.059168496521566340e+03
-2.743354838842193555e-03,-4.984479312339943832e-04,-1.686239732286787807e-01,-4.472179320942083480e-01,-2.809999923031950431e+01,-6.999161934608697067e+00,-8.380653913029334490e-04,-1.231557769362533250e+00,-6.905699829897375963e-01,-1.159384555896283928e+03,-1.056661197059968572e+03
-9.426179059627663726e-03,-1.204494944804424331e-03,-3.744797524768930241e-01,-4.744996969275334653e-01,-2.524562067101539498e+01,-7.000110310511750811e+00,1.103105117508107469e-04,-1.355744316994407228e-01,-1.303862501130677032e-01,-1.226211288494587734e+03,-1.069030926534061791e+03
-6.793154507988563573e-03,-9.425407818720544714e-04,-3.685769825712663095e-01,-4.691961359598220693e-01,-2.653442030373688709e+01,-6.994998965475963004e+00,-5.001034524036995776e-03,-2.095431914677092777e-03,-2.309000996354200197e-01,-1.221023324805335733e+03,-1.066599138721273221e+03
-2.807063531703395121e-03,-5.024856193938040394e-04,-3.172048812515854688e-01,-4.609353358623899388e-01,-2.809828464694750494e+01,-6.990575938510824372e+00,-9.424061489175628026e-03,-3.961991744376174296e-01,-1.931766145452460393e-01,-1.204627164488460039e+03,-1.060413933959536052e+03
-1.544163177706134316e-02,-1.712697131793514908e-03,-4.106136531633253206e-01,-4.807683107218284069e-01,-2.116098836383481085e+01,-6.991269650598898266e+00,-8.730349401101733520e-03,-1.729909940018803383e-02,-2.948910477929107543e-01,-1.241553357970516572e+03,-1.073820813718618183e+03
-2.894226403764701971e-03,-5.073226449536435978e-04,-3.246608530355932221e-01,-4.622007286090616396e-01,-2.809252101213353114e+01,-6.986522133505961740e+00,-1.347786649403825976e-02,-1.863208489755088237e-01,-1.051452727749584426e-01,-1.201834870711344593e+03,-1.060204238210045332e+03
-1.162139200942140238e-02,-1.400411271106726105e-03,-3.860000039220026768e-01,-4.745097781773026657e-01,-2.403374187884986668e+01,-6.980055119312368106e+00,-1.994488068763189403e-02,-1.233487462485758357e-01,-2.832379046325472771e-01,-1.231402295104010364e+03,-1.069902409267098164e+03
-1.284225078473135578e-02,-1.492736612365107990e-03,-3.968708897734943841e-01,-4.784243153330603460e-01,-2.334084478051809342e+01,-6.999390675310414700e+00,-6.093246895852999501e-04,-1.034247533530585628e-02,-2.031929700728216659e-01,-1.234830179023246728e+03,-1.072058485493340868e+03
-6.310370425438589781e-03,-8.859465809512080160e-04,-3.649523788545483427e-01,-4.638877092404047886e-01,-2.680231539069430369e+01,-6.967705978117427534e+00,-3.229402188257246564e-02,-1.190853472052566531e-02,-2.793666498243689844e-01,-1.219456158650263433e+03,-1.062859227105889204e+03
-1.216595524108845389e-02,-1.441305001916387335e-03,-3.933245550031337356e-01,-4.718372048288425602e-01,-2.377416539684709917e+01,-6.956560988287367131e+00,-4.343901171263286898e-02,-1.639477760161778264e-02,-3.838204044744850663e-01,-1.233209231626476821e+03,-1.068554405930331541e+03
-1.009636572516802583e-02,-1.249606392743040674e-03,-3.748760619360186896e-01,-4.701163010852990043e-01,-2.508783104491573823e+01,-6.931979413363044351e+00,-6.802058663695564888e-02,-1.563014093450370012e-01,-3.286028840212384949e-01,-1.226746973794117366e+03,-1.067384004171139850e+03
-1.147562500166309646e-02,-1.368020347789710833e-03,-3.892641175540854093e-01,-4.732984765343354328e-01,-2.435197144907587230e+01,-6.935378710256614454e+00,-6.462128974338554599e-02,-5.752948988773098904e-03,-3.043338270017592606e-01,-1.231086628230176984e+03,-1.069305677112729654e+03
-3.993907318372617865e-03,-6.078956365104519911e-04,-3.441691543814132670e-01,-4.536242958421113358e-01,-2.787248235642494976e+01,-6.910358887675128514e+00,-8.964111232487148584e-02,-1.234403471664151652e-01,-6.430760068782994665e-01,-1.211797761276351366e+03,-1.060544488749842458e+03
-3.430551089019760747e-03,-5.388711558509998688e-04,-3.109668575343881303e-01,-4.487226124362254098e-01,-2.809994844935259906e+01,-6.896968941928596664e+00,-1.030310580714033364e-01,-3.813198918614340016e-01,-6.237149096707135243e-01,-1.200363497992819475e+03,-1.056815120073121534e+03
-3.471597272631105069e-03,-5.412856372399026290e-04,-3.115453220154712488e-01,-4.483035197644216763e-01,-2.810000000000000142e+01,-6.890662195984327276e+00,-1.093378040156727238e-01,-2.150827257167780004e-01,-6.382002839191986965e-01,-1.194433303701981004e+03,-1.056710668106813500e+03
-3.630323952359182371e-03,-5.506225007533191960e-04,-7.383968144599356576e-02,-4.604030418827380622e-01,-2.807341797768306435e+01,-6.900635012173657934e+00,-9.936498782634206606e-02,-1.377927172885426543e+00,-1.498221345595567300e-01,-1.124020210207800119e+03,-1.059240937872952600e+03
-3.568363168341616432e-03,-5.469777487522855738e-04,-2.984866799620986000e-01,-4.630603697860411483e-01,-2.809380647795501318e+01,-6.883882309418127399e+00,-1.161176905818726013e-01,-3.634587408105929285e-01,-3.285902519429839685e-02,-1.192072591814433054e+03,-1.059866009549693672e+03
-1.128932689482740545e-02,-1.326742892928540899e-03,-3.864357010129304548e-01,-4.652402031606279187e-01,-2.470827435610658540e+01,-6.906459727697844997e+00,-9.354027230215500310e-02,-2.333960750075192436e-03,-5.669039991357740504e-01,-1.229664296088106084e+03,-1.065929677541846331e+03
-1.656338674916055242e-02,-1.741140823337935985e-03,-4.116934188729943211e-01,-4.844334534504499135e-01,-2.105538210296261425e+01,-6.981170664299531481e+00,-1.882933570046851912e-02,-5.648971294691662592e-03,-1.140429540082550375e-01,-1.241919246152854384e+03,-1.075384430042890472e+03
-1.882421940810251326e-03,-4.775754095369768616e-04,-8.139253628514542260e-02,-4.657779481118793918e-01,-2.770396567365353491e+01,-7.447858307602250427e+00,4.478583076022504272e-01,-1.549002865555754838e+00,-3.725248168668926496e-02,-1.134834447055588953e+03,-1.062031935853830419e+03
-2.736094604302991007e-03,-4.980207743970725687e-04,-3.037383725008929725e-01,-4.637953717518368268e-01,-2.810000000000000142e+01,-7.000219873462510733e+00,2.198734625107334750e-04,-2.901764341107551104e-01,-7.940862081857957833e-03,-1.192447387869343174e+03,-1.060173893480716515e+03
-2.736394361426620903e-03,-4.980384071690503386e-04,-3.416547983406982292e-01,-4.508609651952991682e-01,-2.810000000000000142e+01,-7.000176179829022516e+00,1.761798290225158325e-04,-2.218353135203710025e-02,-5.388489384411929706e-01,-1.207207752768910268e+03,-1.057208257920629876e+03
-2.736739926317455218e-03,-4.980587981564723460e-04,-3.368953037584107024e-01,-4.659654288080296025e-01,-2.809999962465180090e+01,-7.000125965854882892e+00,1.259658548828923585e-04,-2.001307478849412291e-06,-1.283662338745674703e-01,-1.203048764959320579e+03,-1.063972989165757326e+03
-2.741217725021498353e-03,-4.983221782741522124e-04,-4.548227128900478311e-02,-4.668608222168436073e-01,-2.809999965854449755e+01,-6.999473217815066484e+00,-5.267821849335163620e-04,-1.581540500021666240e+00,-9.483814798086420694e-02,-1.122598202486899027e+03,-1.064323592062198941e+03
-3.237686882958813739e-03,-5.537711875298182741e-04,-3.473002815231721052e-01,-4.664219159658102853e-01,-2.793536602116551393e+01,-6.999780082380757662e+00,-2.199176192423379916e-04,-6.236741365786535596e-02,-1.433143053184799953e-01,-1.212008533949798220e+03,-1.064402066569951103e+03
-2.773235131368616269e-03,-5.002055112832857683e-04,-2.177961238743220118e-01,-4.653720442709635141e-01,-2.809999955420633810e+01,-6.994800883593192076e+00,-5.199116406807924307e-03,-1.001337985866651792e+00,-7.155968612909902049e-03,-1.173207344891164666e+03,-1.061667300974504769e+03
-2.798344620230229507e-03,-5.016825400398507682e-04,-3.470135686441134237e-01,-4.652348199226370440e-01,-2.809714737582331168e+01,-6.994730075964154636e+00,-5.269924035845363619e-03,-2.226897035862762664e-03,-9.798457616208455789e-02,-1.210196004594110491e+03,-1.062882396364113902e+03
-3.018414287773482640e-03,-5.146278847918254497e-04,-2.381171410004236932e-01,-4.526946751434847704e-01,-2.808055419776757233e+01,-6.983359772264343235e+00,-1.664022773565676516e-02,-6.518704800618815298e-01,-4.846221495485627528e-01,-1.168959197346042401e+03,-1.057828303045248731e+03
-1.608155057146582259e-02,-1.749645412988721973e-03,-4.118461740789529646e-01,-4.853694584229479858e-01,-2.075164827446299398e+01,-6.993072651523120520e+00,-6.927348476879480188e-03,-4.314589087543474477e-02,-4.524064831925400654e-02,-1.242485909369889669e+03,-1.075450183711029922e+03
-3.937228254405331085e-03,-6.122076946171685005e-04,-3.389127424312244896e-01,-4.668839568962125930e-01,-2.779452949086274671e+01,-6.976006856363815345e+00,-2.399314363618465507e-02,-2.186964366524151160e-01,-6.214177411622223701e-03,-1.211327180912818676e+03,-1.062723869621332597e+03
-3.139574577210084427e-03,-5.217548904504309797e-04,-1.158238932910958807e-01,-4.541114732869143689e-01,-2.809999991643460504e+01,-6.940707821801627375e+00,-5.929217819837262482e-02,-1.169006355414775378e+00,-4.588031899251348023e-01,-1.132075092631713005e+03,-1.058600986637120059e+03
-3.166126465568672166e-03,-5.233167662362305135e-04,-3.386988412646703139e-01,-4.661484955986981427e-01,-2.809825293608091812e+01,-6.938971052107786086e+00,-6.102894789221391392e-02,-9.144130061478961125e-02,-2.384764612181111687e-02,-1.207689058143467264e+03,-1.062652347530074849e+03
-1.200579557189781696e-02,-1.388055260840909220e-03,-3.838950185296144957e-01,-4.761940328891867136e-01,-2.422071951955176061e+01,-6.989762867125755896e+00,-1.023713287424410368e-02,-1.339197542967465182e-01,-5.159783265716821887e-02,-1.230584289302290244e+03,-1.068837396894434505e+03
-1.112041830200390796e-02,-1.295867431790108468e-03,-3.851183581132396894e-01,-4.660139226864948858e-01,-2.484896042890382262e+01,-6.992349344838377334e+00,-7.650655161622665901e-03,-3.933098253208200390e-03,-5.142845267103863804e-01,-1.229051165723736403e+03,-1.066021007430333157e+03
-3.516541337335241102e-03,-5.439294057519106565e-04,-3.457099820572954174e-01,-4.622339628173858794e-01,-2.810000000000000142e+01,-6.883811628769683999e+00,-1.161883712303160010e-01,-3.242988967984850035e-02,-6.739475862308363929e-02,-1.210369669802938461e+03,-1.059649317315713461e+03
-3.638099650247549055e-03,-5.533167743082757946e-04,-3.408643172269487653e-01,-4.617081596875506899e-01,-2.808503733154848803e+01,-6.872842648893826123e+00,-1.271573511061738770e-01,-1.264244403382761561e-01,-2.989056304075834447e-01,-1.210311740036484252e+03,-1.062577189247534079e+03
-1.246286823298190655e-02,-1.434178710984473481e-03,-3.913630820377349551e-01,-4.735529712919356871e-01,-2.395902997128044731e+01,-6.910230428137030145e+00,-8.976957186296985469e-02,-2.744675743422853031e-02,-4.040504186874089854e-01,-1.232441616573749570e+03,-1.070355104728132574e+03
-1.252981043040912387e-02,-1.435865381057414500e-03,-3.919130404573232251e-01,-4.799817412521164006e-01,-2.395089121363984930e+01,-6.915968967234465303e+00,-8.403103276553469669e-02,-1.749702385715323771e-02,-7.881406101009069687e-03,-1.232550358025433979e+03,-1.071799403241345090e+03
-1.083228849367401034e-02,-1.240130959476868711e-03,-3.762298587587309395e-01,-4.719589823218510727e-01,-2.523461586891178854e+01,-6.997098394705036917e+00,-2.901605294963083281e-03,-1.053730071160945414e-01,-1.268583109106629081e-01,-1.226518205177776736e+03,-1.066617363312587941e+03
-3.907451718787369188e-03,-6.341134603386846570e-04,-1.927399712456187575e-01,-4.556476669857848494e-01,-2.767506972047357294e+01,-7.001917172761601194e+00,1.917172761601193542e-03,-1.120396138386175799e+00,-4.859519273261110328e-01,-1.164920418390871873e+03,-1.059773413268009335e+03
-2.734107078738147456e-03,-4.979038836644095016e-04,-2.975995095993717587e-01,-4.507201378137243308e-01,-2.809999986709578579e+01,-7.000509618571305381e+00,5.096185713053813515e-04,-2.325609301132791629e-01,-7.107892386483403158e-01,-1.186098222740892879e+03,-1.059510597534610952e+03
-2.735548351848901549e-03,-4.979886418997729082e-04,-1.543694184652112944e-01,-4.647325054084012752e-01,-2.810000000000000142e+01,-7.000299495142757067e+00,2.994951427570669011e-04,-1.282147127137914566e+00,-1.518506703300532834e-01,-1.155096008071953520e+03,-1.063193498068028930e+03
-2.739907854471090864e-03,-4.983486911122906801e-04,-2.669775595666802337e-01,-4.495161406706346119e-01,-2.809932917929047846e+01,-6.999995979165858806e+00,-4.020834141194029598e-06,-4.605594684820548679e-01,-6.593198864218363653e-01,-1.177075365160723777e+03,-1.057920437774395168e+03
-2.739615658551769473e-03,-4.982278952352357272e-04,-2.140043244883104712e-01,-4.663883962268011718e-01,-2.810000000000000142e+01,-6.999706584231136119e+00,-2.934157688638805439e-04,-6.195009484460713978e-01,-5.076247679189815898e-02,-1.153860922080041519e+03,-1.063271307534440211e+03
-2.803063007674161389e-03,-5.019601097013283962e-04,-3.449157298560192042e-01,-4.641593511384850546e-01,-2.809999989682956212e+01,-6.990439361122623652e+00,-9.560638877376348432e-03,-1.918673424583516862e-06,-1.873394703276538564e-01,-1.208664698896689060e+03,-1.063177781329109393e+03
-2.825606257584059589e-03,-5.032861657665471146e-04,-2.881353916969360274e-01,-4.582094149553262996e-01,-2.810000000000000142e+01,-6.987138322209851538e+00,-1.286167779014846246e-02,-3.821985196451027633e-01,-3.230419281236400764e-01,-1.186503669514422199e+03,-1.059984899351613421e+03
-3.193128821980702192e-03,-5.280419300260691048e-04,-2.649436947128832043e-01,-4.549386803385204736e-01,-2.803675527868914230e+01,-6.996890286225131206e+00,-3.109713774868794189e-03,-7.420296676085307297e-01,-3.928396337611310685e-01,-1.187210935741874437e+03,-1.058226039522561678e+03
-1.204552900259290432e-02,-1.436528198466584597e-03,-3.863894017862160579e-01,-4.674466325554569868e-01,-2.377655546266004194e+01,-6.974684292751864412e+00,-2.531570724813558826e-02,-1.576157359355345733e-01,-6.761802269725443182e-01,-1.232118828056811935e+03,-1.068266341327751434e+03
-3.537600516208015689e-03,-5.451682778351615161e-04,-2.484143056674301131e-01,-4.561212810552588426e-01,-2.800606505728434570e+01,-6.999938835576577034e+00,-6.116442342296579682e-05,-8.897512339518023339e-01,-4.040633395522368332e-01,-1.183994688902675307e+03,-1.059329345076552499e+03
-3.185241356902498988e-03,-5.331371755215265004e-04,-3.258134094696888416e-01,-4.425793435150734423e-01,-2.804602222043910587e+01,-6.958262078649374516e+00,-4.173792135062548425e-02,-3.102190577316399356e-01,-8.799545420358381165e-01,-1.206820530697181084e+03,-1.055979897197487617e+03
-3.086070104623556132e-03,-5.186075685335764761e-04,-2.508892205282219345e-01,-4.642840866385005705e-01,-2.809819458237976519e+01,-6.950979221214534043e+00,-4.902077878546595713e-02,-5.068300584813849596e-01,-5.767572553260436052e-03,-1.169637921574067605e+03,-1.060604649354125741e+03
-3.129914617906882912e-03,-5.211866865978092948e-04,-2.533856412664370339e-01,-4.672106315015717715e-01,-2.809999982669355489e+01,-6.942149154411221268e+00,-5.785084558877873206e-02,-4.891002774937547315e-01,-1.992188423564300592e-02,-1.170286799500416691e+03,-1.063597436909624776e+03
-3.245224593446734140e-03,-5.279695972878807077e-04,-2.702195284971959377e-01,-4.581058852895971700e-01,-2.808619925815493445e+01,-6.942506189332753763e+00,-5.749381066724623679e-02,-4.105129483482823360e-01,-2.612501017890567212e-01,-1.176741677307924419e+03,-1.058956097088994056e+03
-3.994271481495746678e-03,-5.720311789378226472e-04,-2.764239738837980243e-01,-4.508617398325425185e-01,-2.796332486180658350e+01,-6.984643190203562391e+00,-1.535680979643760935e-02,-5.910837607744774402e-01,-6.278675546812637620e-01,-1.187599254803629947e+03,-1.058351356253838730e+03
-3.480072605920266071e-03,-5.417841862569122528e-04,-3.047707859501227468e-01,-4.475200139514465825e-01,-2.807245134986102642e+01,-6.924701555906467298e+00,-7.529844409353270152e-02,-1.488635840271737010e-01,-6.811668571963167551e-01,-1.187062714425326703e+03,-1.056721176202563811e+03
-3.712427533624079734e-03,-5.575087076075775291e-04,-3.122695401698042383e-01,-4.492861129765460260e-01,-2.803719302913405187e+01,-6.923723943639148892e+00,-7.627605636085110774e-02,-5.400577720495043366e-01,-6.368662012414265661e-01,-1.206300767019632303e+03,-1.057366392492680006e+03
-5.757936249648404337e-03,-6.969028594971504297e-04,-3.458493135272223684e-01,-4.520516203584462600e-01,-2.764062071391387221e+01,-6.991765673024331385e+00,-8.234326975668615489e-03,-1.476903817733017377e-01,-6.455528251386306593e-01,-1.213080124337761845e+03,-1.059177647402179218e+03
-1.102323470323572641e-02,-1.252962082923085758e-03,-3.821954516348521347e-01,-4.709750203543791591e-01,-2.516786253782695582e+01,-7.000228451867887003e+00,2.284518678870028907e-04,-5.354273502928386108e-03,-2.542331723203439253e-01,-1.227665355810788697e+03,-1.067289900774043645e+03
-1.410801054995166823e-02,-1.546645163177579442e-03,-3.992068391781095071e-01,-4.730369870274945265e-01,-2.306936835563741539e+01,-6.969066598521979294e+00,-3.093340147802070561e-02,-1.697381999951730336e-03,-4.187577911354614102e-01,-1.235827500624554204e+03,-1.069507352215623996e+03
-4.527939517342649545e-03,-7.410194307062867042e-04,-1.620173232040192923e-01,-4.699436099572790737e-01,-2.717737137076497334e+01,-7.104219453160914632e+00,1.042194531609146324e-01,-1.015983906867129249e+00,5.818991440966758688e-02,-1.143950674196787077e+03,-1.064021765225607624e+03
-2.736160652128678816e-03,-4.980246595632895242e-04,-1.571774546119450444e-01,-4.623393619875058036e-01,-2.809999999999999787e+01,-7.000210246168954598e+00,2.102461689545975787e-04,-1.211094728736321180e+00,-1.458300339835094661e-01,-1.153262066055019204e+03,-1.060960164197855647e+03
-2.737128105727466842e-03,-4.980815685985120686e-04,-2.688212513836770734e-01,-4.576905610917331724e-01,-2.810000000000000142e+01,-7.000069223503259330e+00,6.922350325933024351e-05,-4.247423678423336568e-01,-3.338451958982613377e-01,-1.176579430394035171e+03,-1.059706998612961115e+03
-2.737416263208551637e-03,-4.980985190385762117e-04,-3.363401652777990858e-01,-4.607022981464656275e-01,-2.809999997815846129e+01,-7.000027245687882704e+00,2.724568788270431696e-05,-1.206239933648802776e-01,-2.154522375090603958e-01,-1.207155884664007544e+03,-1.060543026962105614e+03
-2.738283925210201197e-03,-4.981495579798492050e-04,-1.698717598808477391e-01,-4.672264737231544562e-01,-2.810000000000000142e+01,-6.999900732905803835e+00,-9.926709419616486230e-05,-1.033578791863729585e+00,-1.550717640828835897e-02,-1.151136321877843557e+03,-1.063548879406461765e+03
-2.741200963908133059e-03,-4.983211744627258702e-04,-1.936341977936366088e-01,-4.634736148016173063e-01,-2.809991424394283399e+01,-6.999583425441176843e+00,-4.165745588231573038e-04,-9.004566301700691611e-01,-1.987043430679733547e-01,-1.156739926488810852e+03,-1.062732908965933575e+03
-2.794776789199961142e-03,-5.014726676263064377e-04,-3.405910743725639178e-01,-4.553241894974058290e-01,-2.809340571730629676e+01,-6.999968352237385005e+00,-3.164776261499469001e-05,-4.529862842523968425e-02,-4.438683809985093376e-01,-1.207298674044367999e+03,-1.059351797673379906e+03
-1.179057227656438861e-02,-1.420893571581312558e-03,-3.929136751378794479e-01,-4.748785876278580065e-01,-2.385043620131294162e+01,-6.999366294128649635e+00,-6.337058713503651575e-04,-1.295582022519958798e-02,-3.812005983411204113e-01,-1.232960642485022163e+03,-1.071159852064916777e+03
-3.446428715807796361e-03,-5.781563879082370246e-04,-3.436945100172505985e-01,-4.650487506657817738e-01,-2.786445720308085328e+01,-6.993585024660402993e+00,-6.414975339597006609e-03,-4.820741658217286840e-02,-8.157387495453249926e-04,-1.208849812147316698e+03,-1.060967025989925332e+03
-2.806359949571644863e-03,-5.021540300011108522e-04,-3.340080337675505051e-01,-4.550444729432802093e-01,-2.810000000000000142e+01,-6.989956819770617891e+00,-1.004318022938210930e-02,-1.052375105924339138e-01,-4.931750996760300154e-01,-1.205042809310740950e+03,-1.059833285754143617e+03
-2.854534028124529332e-03,-5.049877993277512682e-04,-2.433915099652534386e-01,-4.591262876322900199e-01,-2.809999998306593483e+01,-6.982896088099867171e+00,-1.710391190013282880e-02,-5.879837234828260151e-01,-3.130293549758214056e-01,-1.169072362153741778e+03,-1.060612550808162041e+03
-3.179331021730950890e-03,-5.240935692851964554e-04,-3.324318539498641312e-01,-4.643343506127622922e-01,-2.804866432492949002e+01,-6.999758185323797122e+00,-2.418146762028783314e-04,-1.918673356193778545e-06,-1.426901043378014933e-01,-1.199735850794220369e+03,-1.062649426852238093e+03
-2.912783710196729936e-03,-5.084142665571713023e-04,-3.045720856746735317e-01,-4.585761462956604029e-01,-2.809999986158887353e+01,-6.974332030312236697e+00,-2.566796968776330345e-02,-1.840191928926024900e-01,-3.665260750296477354e-01,-1.188563211875410161e+03,-1.060912722001682823e+03
-1.114419840061941364e-02,-1.353012956465012018e-03,-3.891759518387721273e-01,-4.625146668929156490e-01,-2.437702522397067639e+01,-6.977205382395519351e+00,-2.279461760448064922e-02,-3.378869368921399996e-03,-8.007616199691476311e-01,-1.231005889021314260e+03,-1.066313786332773361e+03
-1.169195801653992450e-02,-1.402543852591174112e-03,-3.886304984025121811e-01,-4.678916457215631097e-01,-2.406089617820052950e+01,-6.949066909496655065e+00,-5.093309050334493548e-02,-6.619638073371092446e-02,-6.031432536128686905e-01,-1.231742989851229595e+03,-1.067994840292617027e+03
-4.012334933326998365e-03,-5.730937349278963141e-04,-3.061084848488350718e-01,-4.601935612210135140e-01,-2.794893639370564742e+01,-6.999852706592507801e+00,-1.472934074921994352e-04,-1.726982312653477791e-01,-2.014010491552840065e-01,-1.188603397945262486e+03,-1.059706618089332096e+03
-3.421021962246612036e-03,-5.383106374162011619e-04,-2.179009679555335421e-01,-4.613028188603053859e-01,-2.806776056031507949e+01,-6.939589569374193800e+00,-6.041043062580619960e-02,-1.036947377691081584e+00,-1.268991201619975584e-01,-1.174578054587359929e+03,-1.059691342435012530e+03
-3.588915298499625872e-03,-5.481867789455382653e-04,-2.841166397151470013e-01,-4.577392819869158802e-01,-2.808158056547890169e+01,-6.896476156179080164e+00,-1.035238438209198364e-01,-3.530636301360701168e-01,-2.624492041645583029e-01,-1.182728071609223889e+03,-1.058651894060241602e+03
-5.162573915816606740e-03,-6.407548515449323304e-04,-1.253092785941698484e-01,-4.645054186970757892e-01,-2.781637000227524226e+01,-6.986686542433115932e+00,-1.331345756688406823e-02,-9.439972466159529674e-01,-2.785274398463579715e-01,-1.123372596315770807e+03,-1.064392213698592968e+03
-6.102892355126701002e-03,-8.047368361970143151e-04,-3.602203874160316288e-01,-4.672496997685858799e-01,-2.725835600773382339e+01,-6.891791910701671853e+00,-1.082080892983281473e-01,-1.918673358858313804e-06,-1.327572411113919770e-06,-1.216944424965632834e+03,-1.062355151746080310e+03
-2.743252527340873936e-03,-4.984418286934186489e-04,-2.269253659353117070e-01,-4.598387823049798762e-01,-2.809980297634191970e+01,-6.999424683064428443e+00,-5.753169355715570532e-04,-6.341857430388833095e-01,-3.191825448844909374e-01,-1.161911501254993027e+03,-1.061299618444600583e+03
-2.766977459803837691e-03,-4.998374129559454183e-04,-2.718522904365505699e-01,-4.553167250996781878e-01,-2.809999993497245185e+01,-6.995714346549230633e+00,-4.285653450769366657e-03,-6.317374849492516375e-01,-3.849702401127590434e-01,-1.186974430510929324e+03,-1.058489981499680653e+03
-1.364622046123232027e-02,-1.574057965610043981e-03,-3.977783401335167612e-01,-4.818008514177513635e-01,-2.261058194247305764e+01,-6.983542937888827851e+00,-1.645706211117214934e-02,-1.023605277267458646e-01,-6.226824319818291542e-02,-1.236620185911989211e+03,-1.073244993930814644e+03
-3.105622991884417206e-03,-5.200357924966089902e-04,-2.968924203253306970e-01,-4.497352852435816395e-01,-2.806611040889231390e+01,-6.987310000399170384e+00,-1.268999960082961564e-02,-3.047257529779612284e-01,-5.999038767467963496e-01,-1.188617947232404049e+03,-1.057201600275457167e+03
-1.256075412049633203e-02,-1.479538008078386344e-03,-3.942639616126015767e-01,-4.787934585660826303e-01,-2.344762820954424143e+01,-6.973219236639935481e+00,-2.678076336006451896e-02,-4.871074038872347245e-02,-4.731371223302893725e-02,-1.234157800661661213e+03,-1.070725567631390959e+03
-3.345243211695381191e-03,-5.338530454201541146e-04,-8.179623402823743561e-03,-4.599344692946337743e-01,-2.803228479014739349e+01,-6.995738791847760041e+00,-4.261208152239959190e-03,-1.672837183086350876e+00,-2.052108916755921442e-01,-1.112173950936458368e+03,-1.059633289454359783e+03
-3.214041692399749461e-03,-5.321874402816843125e-04,-2.950533544620308479e-01,-4.538231506686992156e-01,-2.805563863393432911e+01,-6.955209172849495580e+00,-4.479082715050441976e-02,-4.032351916766767630e-01,-4.319597861196831090e-01,-1.191432529253644134e+03,-1.057922867449826754e+03
-1.536022162948240399e-02,-1.694643554151690915e-03,-4.071866514856755104e-01,-4.836751886355922236e-01,-2.145109522643970479e+01,-6.961862485852214455e+00,-3.813751414778554505e-02,-5.846153791637753727e-02,-5.199902037827897061e-02,-1.240464784905040005e+03,-1.074247911163829258e+03
-1.244538981618747292e-02,-1.463524617899290229e-03,-3.939267312287564327e-01,-4.737653685815247373e-01,-2.361826878968552990e+01,-6.947425218974421668e+00,-5.257478102557833211e-02,-2.897063660330978507e-02,-4.165857763227460708e-01,-1.233696318585914696e+03,-1.070446601880330718e+03
-1.691335587634228838e-02,-1.795975475020490826e-03,-4.125251145789685658e-01,-4.852089834361733578e-01,-2.020326477989866021e+01,-6.993133431467589922e+00,-6.866568532410077808e-03,-9.967725354921697090e-02,-1.316224384777875400e-02,-1.243535820488848458e+03,-1.074651283541407338e+03
-1.206587737421631334e-02,-1.427140225365081767e-03,-3.928187192158657526e-01,-4.630387463170363427e-01,-2.393291581815793378e+01,-6.919524369844117118e+00,-8.047563015588288238e-02,-1.680249599390393200e-03,-8.099490803957731799e-01,-1.232739005263028503e+03,-1.066522666745264132e+03
-3.372992762435758629e-03,-5.354854622654195602e-04,-3.365340371789237728e-01,-4.531990350381517318e-01,-2.809999945716601033e+01,-6.905628061955278341e+00,-9.437193804472165937e-02,-1.345961364611625299e-03,-4.457921215587816732e-01,-1.202847160545133192e+03,-1.057674325787587350e+03
-3.409017689803818529e-03,-5.376044853088856462e-04,-9.095410075969467822e-02,-4.577418466140732445e-01,-2.810000000000000142e+01,-6.900170345274876382e+00,-9.982965472512361771e-02,-1.485943393492572540e+00,-3.437594540400343845e-01,-1.136753661830457986e+03,-1.059894771198371927e+03
-1.185966354761023439e-02,-1.359398904881124834e-03,-3.887466964605957864e-01,-4.697930700035510831e-01,-2.444919269965100739e+01,-6.992831008659210035e+00,-7.168991340789965250e-03,-1.918673374845525359e-06,-3.782526720556660393e-01,-1.230743908818301179e+03,-1.067223898807289061e+03
-3.491753514397226421e-03,-5.424713421180787573e-04,-2.611509622641738360e-01,-4.589104169428180335e-01,-2.809904798384827629e+01,-6.888818741893715014e+00,-1.111812581062849858e-01,-7.881538045590108510e-01,-2.097039317117284085e-01,-1.187066115311508611e+03,-1.058876864986228384e+03
-5.145005903745718256e-03,-6.397214390701745287e-04,-1.089388679259485349e-01,-4.653418398437754733e-01,-2.780977114497802916e+01,-6.997580755568657551e+00,-2.419244431342448820e-03,-1.307993765175592848e+00,-4.855741014503145436e-03,-1.135258327658384133e+03,-1.061244862044947467e+03
-5.248506723455718948e-03,-7.042284032085929183e-04,-3.310410112396257043e-01,-4.564150504709424405e-01,-2.760369891707353673e+01,-6.914661269870719273e+00,-8.533873012928072654e-02,-3.758423033666016266e-01,-4.204221030919885749e-01,-1.211007320822361862e+03,-1.059380551649784820e+03
-3.619792261509380271e-03,-5.500101202746141352e-04,-3.490389953972513615e-01,-4.656166808340977958e-01,-2.809995508298236189e+01,-6.868024766357503808e+00,-1.319752336424961925e-01,-2.125835429467315407e-06,-3.148104615525060268e-02,-1.211532679949196336e+03,-1.062267012835247669e+03
-1.440622259254526957e-02,-1.597841471836481796e-03,-3.943356124055698020e-01,-4.807503130131103308e-01,-2.259271586167361789e+01,-6.907469804636741095e+00,-9.253019536325890471e-02,-1.793145096998571830e-01,-9.227177273957387627e-03,-1.236125466416563540e+03,-1.071602590753370805e+03
-1.588149391799712623e-02,-1.689032546954830202e-03,-4.059812663479195338e-01,-4.804537558387540486e-01,-2.166935274162139180e+01,-6.974206388870411111e+00,-2.579361112958888924e-02,-5.566130524192569595e-02,-2.012725062733675685e-01,-1.239850818520174471e+03,-1.072863679998443558e+03
-2.735828627340973485e-03,-4.980051286934241220e-04,-1.535097952297282964e-01,-4.537555361365930295e-01,-2.810000000000000142e+01,-7.000258642543557563e+00,2.586425435575634424e-04,-1.172001262955079781e+00,-4.812188287918726104e-01,-1.149796562343198957e+03,-1.058642751485950384e+03
-2.735865421407322751e-03,-4.980072930502689108e-04,-2.409609368047557765e-01,-4.506270553733698891e-01,-2.809999999999999787e+01,-7.000253279437676390e+00,2.532794376763902733e-04,-4.805104058641482823e-01,-5.480393813180857165e-01,-1.162463205555059631e+03,-1.057162228475632901e+03
-2.815600272653824565e-03,-5.027888754802101352e-04,-1.667081638229619966e-01,-4.591754723036082231e-01,-2.809062577761074664e+01,-6.999975050029643597e+00,-2.494997035640267313e-05,-1.254647132308187807e+00,-2.029178355608225459e-01,-1.159462304064045838e+03,-1.058995328219414660e+03
-7.888652847130805945e-03,-1.049718019712861166e-03,-3.710699319782559957e-01,-4.714854120821454497e-01,-2.605864591277751074e+01,-6.994717889990237580e+00,-5.282110009762419622e-03,-4.872850908863313180e-02,-7.851476701792226010e-02,-1.223079014236875310e+03,-1.066275564560660996e+03
-1.314740187269454810e-02,-1.528519815936179617e-03,-3.965748300813715099e-01,-4.822337584954897727e-01,-2.301549602053135501e+01,-6.996918470041602056e+00,-3.081529958397943858e-03,-6.679055436550029867e-02,-2.392282119782773719e-02,-1.235530284885248420e+03,-1.073522841879306498e+03
-2.878715886972499360e-03,-5.064102616129258737e-04,-2.833617439534494298e-01,-4.623643748848654256e-01,-2.809645946388344839e+01,-6.983822917106390804e+00,-1.617708289360919593e-02,-7.022339509548656267e-01,-1.108050211007132191e-01,-1.195828855084581392e+03,-1.060446683982961076e+03
-2.903812524382501370e-03,-5.078865344017497764e-04,-1.584337983163880970e-01,-4.645893565892466048e-01,-2.809999999999999787e+01,-6.975652820813652788e+00,-2.434717918634721201e-02,-1.207932635213835759e+00,-2.012718020436299327e-02,-1.153698984525805372e+03,-1.061123248985903274e+03
-3.177710811855569140e-03,-5.239982022268705776e-04,-3.139595028217178063e-01,-4.618380397621612010e-01,-2.805209054639987087e+01,-6.995695072764128497e+00,-4.304927235871502944e-03,-2.032502928654569274e-01,-1.137257740962667185e-01,-1.195383926791141675e+03,-1.059955670724692709e+03
-2.924006182531552200e-03,-5.095383352003751871e-04,-3.233352347150855177e-01,-4.508542074620856543e-01,-2.809724796795924107e+01,-6.973841049004847470e+00,-2.615895099515253008e-02,-1.258775956333666457e-01,-5.397267291618375040e-01,-1.198658692570649237e+03,-1.057213056043828374e+03
-1.236301475642959807e-02,-1.459733723764228839e-03,-3.938103941034590272e-01,-4.717081563025920521e-01,-2.360783577738774142e+01,-6.976437320595959335e+00,-2.356267940404066508e-02,-3.305809482691390855e-02,-4.662411302541240588e-01,-1.233703230927542336e+03,-1.069265045048842921e+03
-1.553628105513981880e-02,-1.703831762799016712e-03,-4.018256646071549643e-01,-4.798715184284271240e-01,-2.132863477074074510e+01,-6.988941069243061577e+00,-1.105893075693842320e-02,-1.996200063465352059e-01,-2.561610718263214181e-01,-1.239860435443762299e+03,-1.072707558128382743e+03
-4.775576301629801124e-03,-7.046986497924751652e-04,-3.434512002095466143e-01,-4.584798934077036758e-01,-2.750753123364804509e+01,-6.954659263952169823e+00,-4.534073604783017686e-02,-2.120644744464188491e-01,-3.587733671834207883e-01,-1.213267729852253069e+03,-1.060091980701613920e+03
-3.256274139692760805e-03,-5.286195705964703839e-04,-2.844460354831478965e-01,-4.608617247464166788e-01,-2.809687999699898597e+01,-6.927220871292092852e+00,-7.277912870790714805e-02,-3.715214473357395519e-01,-1.718531926227209183e-01,-1.183777301500406111e+03,-1.060023790603608631e+03
-4.102589918515371636e-03,-5.784028517036834873e-04,-2.904421508387363682e-01,-4.578390432443900648e-01,-2.795793839023475513e+01,-6.974897426447250304e+00,-2.510257355274969626e-02,-2.817239995381459750e-01,-2.846191055227818012e-01,-1.183189162079148673e+03,-1.058935591604710226e+03
-9.299540539078259699e-03,-1.147629788353175979e-03,-3.732173602527636413e-01,-4.618461658495137123e-01,-2.572944454406835746e+01,-6.900670445716726498e+00,-9.932955428327350234e-02,-7.119631037394480444e-02,-5.869602780241782725e-01,-1.224502101010040178e+03,-1.064263994770431964e+03
-4.918662069270614279e-03,-6.306502004070901890e-04,-3.411019653041644784e-01,-4.496533997357765600e-01,-2.784386477526724590e+01,-6.968347752810788442e+00,-3.165224718921155755e-02,-1.755858824005427365e-01,-6.434805710526330103e-01,-1.211447411677012951e+03,-1.057543060909009455e+03
-1.381951909662341299e-02,-1.513951100141194090e-03,-3.967964785213820567e-01,-4.807819751420442933e-01,-2.334254008872436259e+01,-6.994453106486361094e+00,-5.546893513638906370e-03,-1.166604312593211290e-02,-3.793233447627297750e-02,-1.234814240994028978e+03,-1.072481308738275175e+03
-1.355476770041733753e-02,-1.543061050490410983e-03,-3.990404416410091581e-01,-4.810801509392195197e-01,-2.309968706898040836e+01,-6.858004033646247777e+00,-1.419959663537522232e-01,-8.257843629309036260e-04,-3.855235882268903680e-02,-1.235735703904714228e+03,-1.072611281883462198e+03
-6.125003288666906742e-03,-7.328750646680003578e-04,-3.457810078650265240e-01,-4.648807998839061817e-01,-2.751768805382296534e+01,-6.999496372048729320e+00,-5.036279512706798300e-04,-1.748542897711544697e-01,-8.034092203349629813e-02,-1.213597984863721194e+03,-1.061624654840021094e+03
-1.089129802917489231e-02,-1.239908629075735149e-03,-3.796061316789415274e-01,-4.713740939246433559e-01,-2.524444010045701603e+01,-7.000130402003644114e+00,1.304020036441144725e-04,-4.084393720545875794e-02,-2.656196128056951267e-01,-1.227022958769232218e+03,-1.067841808940052260e+03
