0.000000000000000000e+00,-3.333333333333333703e-01,-5.999999999999999778e-01,-7.142857142857143016e-01,-8.181818181818181213e-01,-8.461538461538461453e-01
-5.000000000000000000e-01,3.333333333333332593e-01,-1.999999999999999556e-01,-4.285714285714286031e-01,-6.363636363636363535e-01,-6.923076923076922906e-01
5.000000000000000000e-01,-7.777777777777777901e-01,1.999999999999999556e-01,-1.428571428571429047e-01,-4.545454545454545858e-01,-5.384615384615384359e-01
-7.500000000000000000e-01,-1.111111111111111605e-01,6.000000000000000888e-01,1.428571428571427937e-01,-2.727272727272727071e-01,-3.846153846153845812e-01
2.500000000000000000e-01,5.555555555555553582e-01,-9.200000000000000400e-01,4.285714285714286031e-01,-9.090909090909093937e-02,-2.307692307692307265e-01
-2.500000000000000000e-01,-5.555555555555555802e-01,-5.200000000000000178e-01,7.142857142857141906e-01,9.090909090909082835e-02,-7.692307692307687184e-02
7.500000000000000000e-01,1.111111111111111605e-01,-1.199999999999999956e-01,-9.591836734693877098e-01,2.727272727272727071e-01,7.692307692307687184e-02
-8.750000000000000000e-01,7.777777777777776791e-01,2.800000000000000266e-01,-6.734693877551021224e-01,4.545454545454545858e-01,2.307692307692308376e-01
1.250000000000000000e-01,-9.259259259259259300e-01,6.800000000000001599e-01,-3.877551020408163129e-01,6.363636363636364646e-01,3.846153846153845812e-01
-3.750000000000000000e-01,-2.592592592592593004e-01,-8.399999999999999689e-01,-1.020408163265306145e-01,8.181818181818181213e-01,5.384615384615385469e-01
6.250000000000000000e-01,4.074074074074074403e-01,-4.399999999999999467e-01,1.836734693877550839e-01,-9.834710743801653443e-01,6.923076923076922906e-01
-6.250000000000000000e-01,-7.037037037037037202e-01,-3.999999999999992450e-02,4.693877551020408934e-01,-8.016528925619834656e-01,8.461538461538462563e-01
3.750000000000000000e-01,-3.703703703703709049e-02,3.599999999999998757e-01,7.551020408163264808e-01,-6.198347107438015868e-01,-9.881656804733728316e-01
-1.250000000000000000e-01,6.296296296296293171e-01,7.600000000000000089e-01,-9.183673469387755306e-01,-4.380165289256199301e-01,-8.343195266272189770e-01
8.750000000000000000e-01,-4.814814814814815103e-01,-7.600000000000000089e-01,-6.326530612244898322e-01,-2.561983471074380514e-01,-6.804733727810650112e-01
-9.375000000000000000e-01,1.851851851851851194e-01,-3.599999999999999867e-01,-3.469387755102041337e-01,-7.438016528925617266e-02,-5.266272189349112676e-01
6.250000000000000000e-02,8.518518518518516380e-01,4.000000000000003553e-02,-6.122448979591843532e-02,1.074380165289254840e-01,-3.727810650887574129e-01
-4.375000000000000000e-01,-8.518518518518518601e-01,4.399999999999999467e-01,2.244897959183673741e-01,2.892561983471073628e-01,-2.189349112426035582e-01
5.625000000000000000e-01,-1.851851851851852304e-01,8.400000000000000799e-01,5.102040816326531836e-01,4.710743801652892415e-01,-6.508875739644970349e-02
-6.875000000000000000e-01,4.814814814814813992e-01,-6.799999999999999378e-01,7.959183673469387710e-01,6.528925619834711203e-01,8.875739644970415121e-02
-8.772088159639053195e-01,-5.057386454512111662e-01,-4.400614698563520139e-02,8.504591222447754895e-01,1.374835372821512913e-01,-6.323692879342690532e-02
-7.924353411446156681e-01,-5.780441322219995737e-01,1.414319014819549469e-01,2.232240397045925362e-01,8.529755490305757082e-01,-7.785794393464006147e-01
-7.821255688305434051e-01,-8.060704796139023243e-01,-4.599576387642735908e-01,-3.185779143094986110e-01,-8.528691552001788079e-01,-7.784723546011740325e-01
-7.740659504127405111e-01,-8.109127254129830931e-01,6.357164834486137561e-01,-2.899153851636773194e-01,2.576007980431316291e-02,-5.191617418872616074e-01
-7.273200161720387857e-01,-6.102322158078276049e-01,2.504273858763906430e-02,3.101838928729958034e-01,4.298722252080991457e-01,-2.111855930878253074e-01
-7.202952570012830513e-01,-3.866251929122379583e-01,1.902230146852363912e-01,1.883687290885936727e-01,-8.068011437384052797e-01,-7.024147356474377268e-01
-6.422673813192246728e-01,-8.449465118665074881e-01,3.660410832697189587e-01,-8.331776809709487974e-01,6.785038438716038955e-01,-5.487773461557876598e-01
-5.410749965650593074e-01,-6.848096546946050855e-01,-8.528082420439103695e-01,-7.526025034707587436e-01,3.817057695579370580e-01,-5.548415327419522480e-01
-5.177247579401467181e-01,-5.195544090597326026e-01,-4.914611933705672620e-01,-1.419178434945729192e-02,9.109563085473403321e-01,-8.255323924813927627e-01
-5.054780616618353983e-01,-9.602371615243768810e-01,3.868052290272150917e-01,-9.084579916335587813e-01,9.760266145117324488e-01,-7.319254732311705203e-01
-4.747359977827373956e-01,-9.399399722985211092e-01,-7.017869684360618088e-01,-9.525650830024054994e-01,2.378646805361282757e-02,-9.162199205935660229e-02
-4.428256708186806279e-01,-4.790926355152835825e-01,7.067677711165325505e-01,3.572652420356963177e-01,-3.950545747492082427e-01,-6.035998241514013429e-01
-3.855516203100980976e-01,-5.091844624470750480e-01,-1.935015062367554384e-01,-2.985549010300547201e-01,-7.922978220644798508e-01,-2.366527734950324147e-01
-3.424072262610237671e-01,-5.380125301603039256e-01,2.534508856219204465e-02,-7.464167959397983720e-01,8.902307184929089123e-01,-6.802202111486763680e-01
-3.120459294348782997e-01,-8.590598025292061068e-01,6.594288523294076221e-01,-9.917081790552292331e-01,-3.852849065939701889e-01,-1.691438188931488062e-01
-1.461950526682734806e-02,-7.926427076153508278e-01,-5.438989468039051589e-01,-9.947454316133850227e-01,8.600018701780695607e-02,-8.869703506307004270e-02
-5.277806651706572726e-03,-7.984999711260708510e-01,9.985005411420218024e-01,-9.999999999999998890e-01,9.999999577568270404e-01,-2.798671543072797085e-01
-5.277777777786847938e-03,-7.984999999999927711e-01,4.673460593404746843e-01,-3.457819461520992843e-01,9.161377267171324501e-01,-2.359645425838408084e-01
-5.277777777784485244e-03,-7.984999999999969900e-01,1.482855274860498951e-01,-8.504432265250553291e-01,-7.621154509502683361e-01,3.914159604707732887e-02
-5.277777777781358405e-03,-7.985000000000002096e-01,-4.123458310450193731e-01,8.201677985902443291e-02,-6.742590207689439508e-01,-3.845356815541648987e-01
-8.685670143246414510e-01,-7.314303650718947392e-01,-6.000997506794742975e-01,-3.422238584429710406e-01,-7.639153157464487753e-01,-2.619013573408407458e-01
-8.651759319055989383e-01,-4.653276567412709119e-01,1.727123497540118680e-01,3.967730338082277319e-02,-8.984497538797551197e-01,-8.216765994187196220e-01
-8.588887697106704078e-01,-6.192566394736177537e-01,-1.502811691291376650e-01,2.765804407179395241e-01,6.689357108434591526e-01,-5.578840305094856511e-01
-8.532546897201314096e-01,-5.409504492751695537e-01,-2.311387500417632912e-01,-4.826370734996944245e-01,9.989116035330737331e-01,-6.134106535205571253e-01
-8.099327568612090245e-01,-7.900642268008207791e-01,6.741221696314365630e-01,-6.443867489125912895e-01,-9.999413664048829586e-01,-7.160264829924790630e-01
-8.074686190431359378e-01,-4.760359637541481947e-01,-9.791038582634346010e-01,-9.603349887855423539e-01,8.497711490999290129e-01,-4.007400798481703941e-01
-7.375472225176185059e-01,-8.491424864339912615e-01,-7.547823298803073566e-01,-4.633415733520829249e-01,3.871285266483211474e-01,-3.183487633351607116e-01
-7.119092415708291322e-01,-8.833744047579995540e-01,-5.943119928729821977e-01,-3.511613882097288086e-01,-8.741110421668578656e-01,-8.052046862737011201e-01
-6.749748027189805821e-01,-8.388338330292286482e-01,8.489186817577747401e-01,-5.162698425445579886e-01,-3.903491707952022605e-01,-3.322695972405318443e-01
-3.983005647856181497e-01,-7.073856255856805220e-01,-5.877294362977918407e-01,-9.624494858571890354e-01,-9.367394591126186887e-01,-5.854243975518442777e-01
-3.439906845084111375e-01,-6.990022069807937388e-01,-8.559857090317709583e-01,-7.553935903566051380e-01,7.230027677265806751e-01,-4.564853784651105029e-01
-2.973658871453190855e-01,-6.486787717384406848e-01,-8.666349547637243189e-01,-8.090764603841116287e-01,-4.373191517260405226e-01,-4.562027190663280052e-02
-2.475894518560243507e-01,-7.962434468864427739e-01,-5.791289900574300153e-01,-6.872204366706232692e-01,-1.908687155203174501e-01,-1.429255881664924510e-01
-1.981336926089528050e-01,-7.776676710042200735e-01,4.167826911855089800e-01,-4.242427910339920394e-01,-9.607493233613031425e-01,-4.064962720054224321e-01
-1.807867930715459023e-02,-7.925269976629418789e-01,-1.117173460959494102e-01,-4.520996992983723484e-01,8.725063647914410581e-01,-8.083365849454887675e-01
-6.776653686140792941e-04,-7.993562875930401157e-01,-8.017313825127234672e-01,-8.562873932359524876e-01,-4.676360697005165767e-01,1.225154981174153140e-01
-2.408279353451292743e-04,-7.997618565870253660e-01,4.251851498955190878e-01,-4.805843762052162127e-01,9.390124264479838834e-01,-1.434699543093645169e-01
-1.938844857484614353e-04,-7.999310242177886110e-01,-4.402099180620384217e-02,-1.490771336978801154e-01,-9.718799017750443525e-01,-6.308866740621641434e-01
-3.692717136597084677e-06,-7.999990978153467269e-01,1.811281293638381529e-01,-9.527969371641518137e-01,-6.503898799853390367e-01,5.766603060838176864e-02
-3.493230368301070143e-06,-7.999991273730863162e-01,1.687409308886116399e-01,-9.477137549063181510e-01,9.989106641945084963e-02,1.525863627699558522e-02
-1.000000000000000000e+00,-8.136320022699393695e-01,-9.422995974182971635e-01,-6.135542085814639224e-01,-8.359361415805711681e-01,-9.802388053223765052e-01
-9.999971791679742594e-01,-6.000001884272372354e-01,4.915060818025472622e-02,-7.360498086713184174e-01,-4.180362852896489234e-01,-1.233585819491041791e-01
-9.540379388863764465e-01,-5.892685934341945764e-01,-4.565003081194015100e-01,-2.004147450663236740e-01,4.920742422559798435e-01,-2.594550501097654949e-01
-9.287421334123293626e-01,-6.712552341828827984e-01,-1.355479358177552884e-01,-1.173356469026587273e-01,4.182290548670740682e-01,-3.329772733544714147e-01
-9.241115293003494546e-01,-6.279757397852663292e-01,-7.413711770282923608e-01,-8.875195468540996169e-01,-4.910709143792927334e-01,-6.535813881981286655e-02
-8.674047651533023373e-01,-6.344583436699138268e-01,-9.873998408923392311e-01,-9.918493210099026403e-01,-6.060619927892600955e-01,-4.557283243480472201e-01
-8.672465287219999208e-01,-7.327506210470924319e-01,-1.886037224599685647e-01,-1.042528947782980497e-01,8.088186332879866436e-01,-7.148720106804078434e-01
-8.480099212299290201e-01,-9.289908049391626399e-01,-4.212879932304049446e-01,-2.065459564849998209e-01,-7.486563636841087055e-02,-5.656158014073947582e-01
-7.119053903098561120e-01,-6.878983766881535677e-01,-9.087802405005539486e-01,-9.883411800746852993e-01,-9.459137532592615250e-01,-7.845972629896621475e-01
-4.776687414447365887e-01,-2.382892174703095944e-01,9.978891082686275338e-01,-7.773186384504749968e-01,6.174768466215512230e-01,-5.404754346014915001e-01
-4.245714302259937512e-01,-4.615279751126175611e-01,-3.132948328990354803e-01,2.409094240763458572e-01,5.847066639440281488e-01,-9.558270950982897807e-01
-4.097606982858671421e-01,-3.874871952112002860e-01,-6.034105703161378731e-01,5.566166922918246440e-01,-1.003564390325343003e-01,-8.081707830727502540e-01
-3.345823598530854870e-01,-3.813755990619632774e-01,-8.978480625140126126e-01,-6.796966235186497896e-01,-6.017039946847826393e-01,-5.354148357564365579e-01
-3.328520003318183873e-01,-5.099215164896054864e-01,-3.602717889541209306e-01,-9.973372568257899973e-01,-9.161170549778606675e-01,-7.720529901170933851e-01
-1.126017524775284467e-01,-9.283108813382644486e-01,5.603869329536345090e-01,1.920791786803997259e-01,-2.176114710257817664e-01,-6.079987598905162161e-01
-9.229393164555661777e-02,-7.335378726009817996e-01,-3.279586045025999555e-03,-6.489196943443027443e-01,-8.089545945052639686e-01,-4.364346031710116813e-01
-1.770023519726117781e-02,-8.051812176496563334e-01,9.423710871490910135e-01,-9.007446194325766653e-01,9.649628900053931480e-01,-5.549765701097320036e-01
-1.579965172618130395e-02,-7.903157343375923904e-01,-1.828667936892787796e-02,-8.281213653096095584e-01,7.782080215568208947e-01,-5.240434449606092837e-01
-3.375742343859072878e-03,-7.992960867446077255e-01,-6.525000411999741790e-01,-8.274095471508415844e-01,4.610721894609978722e-01,-2.698323613822708328e-02
-2.449416685586232583e-03,-7.983326770859897614e-01,-1.459675834111315296e-01,-8.341994446450253786e-01,-3.761701594364930124e-01,-2.186172645964136185e-01
-9.660503889104220532e-01,-6.285245797449334759e-01,-1.286379778034049681e-01,-9.490964635179033326e-01,-1.728257374011433756e-01,-1.168134823504041186e-01
-9.658122295703717164e-01,-5.995900573345943618e-01,-4.176846705298851159e-01,-8.580396739830100650e-01,-9.669082555860706307e-01,-1.152992566411489145e-01
-9.650326807410712915e-01,-6.349644732195174335e-01,-5.321792014391786563e-02,5.547223076408177439e-02,-9.306028264680589190e-01,-5.341351424239650925e-01
-9.185207242460877719e-01,-5.262925937998345072e-01,2.698178125080219134e-02,-6.023481558389791601e-01,-9.793442025375025395e-01,-3.924871416755034148e-01
-9.087627605509388529e-01,-5.107738098026364248e-01,3.381241993439985244e-02,-8.374506885501546982e-01,-5.601632280295207877e-01,-4.346043609782434536e-01
-8.680263610792084972e-01,-7.135960164958559115e-01,-6.789549304041760935e-01,-4.505961647100784617e-01,-7.439878469294521901e-01,-6.154332904782130464e-01
-2.021497825186103214e-01,-6.896899173500599112e-01,-6.252213854414417904e-01,-2.136024698534601252e-01,-8.214681773476940618e-01,-4.595301699373599558e-01
-1.765341686849460912e-01,-8.294537024943364756e-01,-1.313630420112838759e-01,-3.428787293512291501e-01,-8.680610139529806313e-01,-4.353080617320950751e-01
-1.660898998195086684e-01,-6.806981470469193329e-01,-7.908113717052901448e-01,-9.964982624001031963e-01,-3.341958801098077192e-01,-2.893472428321898215e-01
-1.403062365985640048e-01,-7.769573477568963993e-01,5.081329916742264446e-02,-1.704120190602670948e-01,-9.916797539881703205e-01,-6.172894575138282436e-01
-4.570693654135001699e-02,-8.134952817815707116e-01,1.202268675661273822e-01,-5.578718447470792929e-01,-8.286918623383311422e-01,-6.342103374302615615e-01
-5.895274247619433465e-03,-8.018268827263363985e-01,-6.536950676286742423e-01,-4.674456648137851889e-01,9.650614212199253306e-01,-7.813855900910100516e-01
-4.724975790448604322e-03,-7.989568552645653909e-01,-9.221131438693437321e-01,-9.530726159966854683e-01,3.597008000323351218e-01,-9.573783471067509598e-02
-4.070304708418567147e-03,-7.961171890550670094e-01,4.693902336724497387e-02,-9.795329005757719143e-01,4.805767492246890149e-01,-4.262209638382888355e-02
-3.481428897618476462e-03,-8.010518276278881800e-01,1.095548402671422082e-02,-9.258810173419222966e-01,3.234148224309943975e-01,-4.581469635190542344e-02
-2.239579257106174247e-03,-8.006959692778938820e-01,-4.887912219580600182e-01,-8.344058766071541511e-01,-2.174287198592515513e-01,-2.112695972736069461e-01
-8.758336312648679761e-04,-7.995518088906861109e-01,2.421654553847860103e-01,-9.596189576257074805e-01,3.692028103279278439e-01,-2.607637118726117281e-02
-3.758617932614223121e-06,-7.999991635368176590e-01,-8.033045934394207332e-01,-8.219820030675503153e-01,7.019809501442405564e-01,-2.067427479936655502e-02
-3.754450827473778815e-06,-7.999990915885845100e-01,2.048463005707900353e-01,-8.647392771023857394e-01,9.994325682553034662e-01,-1.681568786567823603e-01
-3.662307344310082698e-06,-7.999991837320706844e-01,7.247897703903556643e-02,-5.940980536040373350e-01,5.634979492546172697e-01,-3.602382894615386855e-01
-9.999967273666247047e-01,-6.000004265939775649e-01,-6.587215572596448743e-01,-4.233435611158832823e-01,9.240919223744996636e-01,-8.104523176271738460e-01
-9.981471426862507101e-01,-6.018499515157640367e-01,-6.051480651997079852e-01,-8.166413105749396051e-01,-9.702282235247404740e-01,-7.945279484207460330e-01
-9.975184513515084062e-01,-6.001493788838314636e-01,3.840792973348350348e-01,-5.416029764982134287e-01,-6.418451433130570871e-01,-4.250706275025409875e-01
-9.961209522108485093e-01,-6.038762017497504297e-01,-2.740749918133762453e-01,-7.785758441286133591e-01,-4.534914960288650709e-01,-2.431724248984284131e-01
-9.868769687372244137e-01,-6.122953631933403251e-01,-9.195157345199386212e-01,-9.724437522292713743e-01,3.575660475543065292e-02,-1.981364430049368242e-01
-1.862594992709213082e-01,-8.092581432362827565e-01,-7.268774162803731675e-01,-6.457056849933372478e-01,-8.681036056032981341e-01,-3.531215710765158167e-01
-1.856617173138619403e-01,-8.613260308235743956e-01,-1.417283984026261878e-01,-8.996840977487925439e-01,-4.759101313933349342e-01,-3.600929909622985203e-01
-1.766896880702166217e-01,-8.471130718487639433e-01,-9.077535818437304505e-02,-4.650717293434390442e-01,-9.841823682700068243e-01,-3.962964672272868971e-01
-1.510454070266087911e-01,-7.108857362915601552e-01,-3.885741942859851639e-01,-6.356455184004582148e-02,-9.956427420785083360e-01,-5.200301535529315844e-01
-1.224808073432495231e-01,-7.202925634043205738e-01,-2.700076347173960278e-01,1.754305347519310165e-01,-9.943298168098120282e-01,-9.376439056426055796e-01
-1.746766798649140168e-02,-7.867868600394756218e-01,-5.309541520646977597e-01,-9.891293138110853755e-01,7.513503984831667593e-01,-6.162696121165009977e-01
-1.616363557758130828e-02,-8.048700934361616710e-01,-2.747036061746945812e-01,-9.180371748597992987e-01,8.907152321397475703e-01,-5.704231145404476955e-01
-8.540197773827373079e-03,-8.003438514801831660e-01,2.095481922499969063e-01,-6.197653568347074593e-01,8.417673355789215828e-01,-7.044645392707388210e-01
-5.638796651893407917e-03,-8.018761109527189346e-01,-2.913687933153188622e-02,-8.833379272996686460e-01,-6.822860519519999833e-01,-5.467679933272637793e-01
-3.735012434992182259e-03,-8.010323126183662712e-01,3.062933954113370438e-01,-3.039419681700085141e-01,9.852871238006257748e-01,-9.765664166412730829e-01
-8.107448846498015085e-04,-7.998836398557387373e-01,-9.290392328565312552e-02,-9.397353825565782914e-01,-2.846007658546917396e-01,-9.028127816227914104e-02
-7.630838020883327758e-05,-7.999265376591989662e-01,7.240864302036563727e-01,-9.942482489179833571e-01,3.975932939796204546e-01,5.500203357010534366e-02
-3.669078675722299287e-06,-7.999991859891847357e-01,-6.536348762537992352e-01,-8.605267029065098994e-01,-6.328436409901865289e-01,-2.617567408692975661e-01
-3.662307336307535641e-06,-7.999991837320727939e-01,4.970625479831310423e-01,-6.788874990861756276e-01,9.671886180143286493e-01,-7.322594993238979999e-01
-3.662307335948705803e-06,-7.999991837320730159e-01,3.262251447841461038e-01,-9.983226044650260755e-01,-6.517421961369940231e-01,2.122952097471829738e-02
-9.999970723506858006e-01,-6.000000816099197998e-01,-8.425306840449264811e-02,-9.645576096728151194e-01,-6.879822122983531019e-01,-2.475499110397285374e-01
-9.999970029247248204e-01,-6.000001393862008925e-01,-1.476834204248065885e-01,-8.639696743017862834e-01,-5.975402534123809284e-01,-3.555898359794302799e-01
-9.958569103133215750e-01,-5.979392952062217992e-01,-5.241215481934388132e-01,-8.561095147164354824e-01,-8.279257491590918949e-01,-4.580230780825271797e-01
-9.925038242430305191e-01,-6.023068126547460599e-01,-1.014689745178016939e-01,-9.674368740361208863e-01,-9.370232507002889122e-01,-4.938649804743773797e-01
-9.552197509307108758e-01,-6.447774030298936143e-01,-9.982210660070889308e-01,-9.993725021135690945e-01,-9.996052577726329824e-01,-9.095139612544915764e-01
-1.994376420147500606e-01,-6.728595438342827029e-01,-7.783961717757309495e-01,-9.550188499182508117e-01,-9.930566688365686234e-01,-7.423915985378660709e-01
-1.840587199863615298e-01,-8.113378564521279701e-01,-8.204331702125039483e-01,-5.870992988382122135e-01,-9.884292897536327560e-01,-5.976156027531054349e-01
-1.671411970051908391e-01,-6.750794448549507498e-01,-2.367374570449888305e-01,-5.109447520602119486e-01,-9.546599960357482484e-01,-9.069266379125646704e-01
-1.545607231408001325e-01,-8.311172178909661534e-01,-6.272125268089869810e-01,-6.931399873968000502e-01,-5.601071441538353346e-01,-4.158514547542437323e-01
-8.644139507797794775e-02,-8.249606777921092426e-01,-7.206937830256464617e-01,-5.079887360241762684e-01,-6.048266412339246001e-01,-4.905873895412269925e-01
-5.537567331479455873e-02,-8.184365962410653506e-01,-3.674599784185595963e-01,-4.641442220502545735e-01,-7.718745383365419599e-01,-4.976274732437881987e-01
-2.691442640513530896e-02,-8.085987411998406538e-01,-8.469923730653464156e-02,-7.549785116621443581e-02,-9.743097502008195576e-01,-9.007349138123661447e-01
-1.979829046640404003e-02,-7.808112148783205031e-01,-2.616663955904601768e-01,-9.943652541363179331e-01,8.250112456510531045e-01,-7.237674203758209801e-01
-9.270702367009001771e-03,-8.029134070232092357e-01,-6.512782110849669737e-01,-7.170911868773675035e-01,7.779806391356756112e-01,-6.702104498281363787e-01
-8.086236683286552457e-03,-8.026685456365181270e-01,1.975954550383054731e-01,-9.517213177552998893e-01,6.969623225764166596e-01,-5.490051720390994872e-01
-2.328630257265584206e-03,-7.993968000138973462e-01,-7.385002473510299259e-01,-9.940685165497705755e-01,-3.905909069853075177e-01,-1.816900026102548082e-01
-1.478753330480705487e-03,-7.994838228992442453e-01,-2.494736191225464805e-01,-8.594857441882324256e-01,-7.449060505970184209e-02,-2.043292282489905243e-01
-3.662307333012520725e-06,-7.999991837320753474e-01,9.999990498620523471e-01,-9.999999999999997780e-01,9.999999999999996669e-01,-5.016564656506772302e-01
-3.662307332922528556e-06,-7.999991837320751253e-01,1.971905214837748610e-01,-9.901874458849090344e-01,9.799156456196169707e-01,-3.115714213053977777e-01
-3.662307331105163887e-06,-7.999991837320749033e-01,-2.346312285058155811e-01,-8.236511241625799062e-01,6.023152634305497521e-01,-4.856098979326329834e-01
-9.999965258241372279e-01,-6.000006281364373972e-01,-4.905520489508736204e-01,-9.597153029895206799e-01,-9.982665236546814924e-01,-2.457910155724506995e-01
-9.999942618963861829e-01,-5.999984975565042511e-01,-5.847429220503951308e-01,-7.604902657637960806e-01,-7.749703348109853174e-01,-5.301566429111599366e-01
-9.983899538110158067e-01,-5.993784592533007993e-01,-4.988079720844487142e-01,-9.198156892377238325e-01,8.910362888401973658e-01,-7.917580455742385670e-01
-9.945672918485746195e-01,-6.054296439246771300e-01,-8.610904994184106487e-01,-8.915738919799985895e-01,-9.955886161427861536e-01,-9.801851787583969466e-01
-9.934993951471363660e-01,-6.058920048947628034e-01,-1.112624406499534424e-01,-9.718031108845877064e-01,-6.398503183920658532e-01,-4.252539827719743482e-01
-1.903858655806047184e-01,-8.203927672757809209e-01,-2.560786917541963414e-01,-9.691018523963451647e-01,-9.717118310672753223e-01,-7.016917019591826232e-01
-1.764562748130469594e-01,-7.117878554339021058e-01,1.215623217697582303e-01,-9.089107978663052423e-01,-9.805555242226862145e-01,-7.174645945754345444e-01
-1.268478628479395021e-01,-7.814659689503959950e-01,2.153335252512692324e-02,-9.147900099696134602e-01,-9.480271256868278984e-01,-5.612005075397590304e-01
-1.069462554443456753e-01,-6.971905367498687500e-01,-6.810050034801340413e-01,-3.724857314794729479e-01,-9.703028036847382021e-01,-6.346079967198572369e-01
-1.602369197128767492e-02,-8.053391936200642309e-01,-6.125395300119790276e-01,-6.666180997610365866e-01,-7.283810263395307238e-01,-5.973344600921229874e-01
-1.157253371226427477e-02,-7.952694939110828143e-01,-3.343845328282052387e-01,-9.657841208820948653e-01,8.245927280328924081e-01,-6.244821596964420518e-01
-4.339804784763523320e-03,-7.956630412546569220e-01,3.182477382524760978e-01,-8.946959878386850917e-01,6.434609093146468339e-01,-5.257691320212460884e-01
-3.433235086487180458e-03,-8.001472892426141348e-01,-7.335980313543769560e-01,-9.053815352763793234e-01,4.554378852295842828e-01,-3.632930932988523987e-01
-3.163453728011591214e-03,-8.008500506393482210e-01,-1.704718252077372029e-02,-6.755499718071051873e-01,9.384552910069848819e-01,-7.822408416729429437e-01
-1.375656599835817576e-03,-7.988367329051271337e-01,1.271188078173314251e-01,-8.651863540476051329e-01,9.871507719613283882e-01,-6.779996199098697884e-01
-1.365231769999973241e-03,-7.994605027642125439e-01,-7.505966931305675383e-01,-9.821174597089085134e-01,-9.764742772307407614e-01,-1.089348881358579990e-01
-1.028755258841169810e-04,-8.000322242948422202e-01,-2.277040277497866527e-01,-6.475465133233727633e-01,-8.732906924784739067e-01,-6.924002679091474377e-01
-3.665582856747645240e-06,-7.999991804565615983e-01,1.857153658216018632e-01,-8.837011000409831230e-01,-8.192143594948315677e-01,-3.377882238851542263e-01
-3.662307341131978657e-06,-7.999991837320766797e-01,-5.138941241538933502e-01,-9.958430081855609295e-01,2.942350174083512709e-02,-2.006887548507662045e-01
-3.662307339967449386e-06,-7.999991837320773458e-01,8.578015420392381962e-01,-9.891324082973524945e-01,9.879535958644430904e-01,-8.572992611337783009e-01
-9.999970723505851034e-01,-6.000000816099426704e-01,-8.774268544517611623e-01,-8.688998180827048889e-01,-9.258969645476151644e-01,-3.893600703723376633e-01
-9.999970723505727799e-01,-6.000000816099420042e-01,-7.468825333556488033e-01,-4.612177609836863312e-01,-9.999989267057055597e-01,-9.472698022609754576e-01
-9.999970306232515149e-01,-6.000001233373254417e-01,-6.821899779974319733e-01,-4.512143798989351473e-01,-2.858668486732796610e-01,-2.616863013317181075e-01
-9.999969805636632625e-01,-6.000001733968657325e-01,2.183776901190544739e-01,6.292485818024812216e-02,-7.034350264226182370e-01,-5.858476819775789712e-01
-9.999477362157378479e-01,-5.999507596990377722e-01,-9.395666759330366657e-01,-8.878613429625885622e-01,7.082626152846223100e-01,-4.539857959742801818e-01
-9.997986941853247433e-01,-5.998125081222981381e-01,-5.768190564346971083e-01,-8.187819682824208911e-01,-7.124445851512373196e-01,-5.718869453353233601e-01
-9.956871574450173457e-01,-6.043093375654651211e-01,-3.176679978970786689e-01,-8.743542591668774788e-01,-9.932969692830591057e-01,-7.325777265933198779e-01
-9.935751445963734163e-01,-6.064219501040873928e-01,-3.107651412892622686e-02,-9.121447475122097526e-01,-9.102870862533770646e-01,-6.458876865799320077e-01
-2.871518343294982567e-01,-8.456382624773134404e-01,-4.952229175458053856e-01,1.369114453468205927e-01,2.162900290238398138e-01,-3.025204346803784250e-01
-1.720225067636179106e-01,-7.107742050050579463e-01,-6.510260944446271125e-01,-6.715149864974684357e-01,-8.919269896046670976e-01,-6.286868577334382424e-01
-1.592188899862846119e-01,-6.428090387217525459e-01,-8.099409696486886689e-01,-6.499457545464067953e-01,-9.113996638553565344e-01,-5.994501658866335791e-01
-1.429865926542999155e-01,-8.456277292155710557e-01,-3.373300861955715879e-01,-4.201474058668775990e-01,-9.294691510946573310e-01,-6.346706464178764051e-01
-1.369697822753342398e-01,-8.426244057689145084e-01,-2.377103063052085630e-01,-2.756291575127283178e-01,-9.048516255086420657e-01,-8.415550974894958625e-01
-6.905208061520712315e-02,-8.178195826480133546e-01,-6.811714621495813526e-01,-4.592074479650276042e-01,-8.891627177964256390e-01,-6.122318013258662983e-01
-9.497860089255230273e-03,-8.027663316141530059e-01,5.974813417196592757e-01,-8.663312368377273920e-01,-8.697487873549708537e-01,-7.208429581039557110e-01
-5.681272421812382997e-03,-8.012468057252479792e-01,-1.446508686465534099e-01,-9.918552733553831491e-01,7.280512512572949735e-01,-4.731253340759469794e-01
-3.835331057716312182e-03,-8.007310497501269886e-01,-2.242221347049958569e-01,-7.182227252577759735e-01,9.986796753093264423e-01,-8.630922536683953705e-01
-2.156307860326287310e-03,-7.990977920563796522e-01,-8.232583403069065886e-01,-9.852850184076998863e-01,-1.820468464273972964e-01,-2.240289097023865084e-01
-7.943674052043510087e-04,-8.001886559619709738e-01,-3.275087009516089998e-01,-8.756428500749832144e-01,-7.594816618790581897e-01,-6.613832644524409998e-01
-4.369766488290758093e-06,-7.999987487530229036e-01,-2.574794994355562583e-01,-9.973211643062120935e-01,-1.247471245011660124e-01,-2.055322176087081842e-01
-9.999970723507085602e-01,-6.000000816099584355e-01,-3.217671829626206903e-01,3.837520058765016978e-02,-8.658258497557629330e-01,-7.186880582779380244e-01
-9.999970723506739212e-01,-6.000000816099486656e-01,-8.143092047126362365e-01,-5.999823398184732648e-01,-1.217857792097400277e-01,-2.047219130341407789e-01
-9.999970723506106385e-01,-6.000000816099712031e-01,6.458768469517025546e-01,-9.833181549529881327e-01,-8.921170825056095044e-01,-7.450823559742496549e-01
-9.989886093140517564e-01,-5.993856422001180295e-01,-5.287320820043263092e-01,-9.621153737761816149e-01,-6.974780240169675682e-01,-3.719945287041400706e-01
-9.976598157260063715e-01,-6.005527226046860623e-01,-3.090815188765150268e-01,-8.388151099089675711e-01,-8.278151307429102435e-01,-6.545431853662280197e-01
-9.861467172669108328e-01,-6.099495212619390205e-01,1.225890582687143709e-01,-9.982373716513960327e-01,-9.941323189468718180e-01,-8.270147472342130879e-01
-8.310878294500815278e-01,-7.689093245105970142e-01,-9.978449797217915362e-01,-9.953628576748211332e-01,-7.250097093985845564e-01,-6.158089927116496831e-01
-8.097608405188554404e-01,-7.902363134418410873e-01,-9.966627285108120571e-01,-9.999988451313452931e-01,-9.999999853054624133e-01,-8.121271774001400656e-01
-7.066857129198180765e-01,-7.643630324181610591e-01,-9.458931296300538971e-01,-8.374525907815724146e-01,5.163594911796944853e-01,-4.833000287040712384e-01
-2.708828408949807143e-01,-8.902922432613296078e-01,-9.417232598114391173e-01,-8.531125319623906744e-01,6.849872446549893912e-01,-5.753637540783632653e-01
-1.786120556543237536e-01,-6.308026309704816148e-01,-3.269777326407211637e-01,-9.311693077319430634e-01,-9.558637916249134170e-01,-7.491172772070026076e-01
-1.522123685829134820e-01,-7.804660217883857554e-01,-1.739809410188009331e-01,-9.311526006659394117e-01,-9.986113128253073512e-01,-5.981389264850799359e-01
-1.157758270557588121e-01,-8.296221893395191449e-01,-7.229207514117997890e-01,-6.705689122813077718e-01,-6.638836124323166388e-01,-5.514801395264179451e-01
-1.034407110487830100e-01,-8.344774333033272429e-01,-3.815284095337982406e-01,-5.085054434150041436e-01,-9.188682289230173383e-01,-6.592174479507302287e-01
-6.660329751041074720e-02,-8.081896819026735956e-01,-6.925762566335714743e-01,-8.635433941859460560e-01,-6.847013598412050595e-01,-4.881700890539917292e-01
-5.795199043527800298e-03,-8.011374740769791059e-01,-8.387076761744699516e-01,-8.959963965385497886e-01,8.908932357443095640e-01,-5.054131200161674498e-01
-3.576715496786642481e-03,-7.997887455472924012e-01,6.086868642017216890e-01,-9.501614876772402907e-01,9.669409008360911884e-01,-8.976158672525158533e-01
-3.261294889666885820e-03,-8.010547724759070620e-01,1.608703427754946402e-01,-9.955488794495633842e-01,-4.569054663853487352e-01,-3.426515757069357737e-01
-2.391880577138548632e-03,-7.982177524636604460e-01,-6.956146322549295880e-01,-9.465829282592701510e-01,5.401532515920006716e-01,-3.376860459364620093e-01
-3.662307293868947546e-06,-7.999991837321126509e-01,-1.693176625532027690e-01,-8.988942312639327525e-01,8.384356343006976742e-01,-4.464862516478902976e-01
-9.999970723505532399e-01,-6.000000816099040346e-01,-8.772897748844802335e-01,-7.103691612939987410e-01,4.954226994211553547e-01,-3.963475834668861997e-01
-9.999970559471607068e-01,-6.000000652063784967e-01,-8.205269561565866621e-01,-9.614507006209649376e-01,-7.905799482900106590e-01,-4.474592024797305334e-01
-9.982482446980962543e-01,-6.016779176429970510e-01,9.151611748008774416e-01,-9.694988554715834317e-01,-9.219545035169091074e-01,-8.655042465931740425e-01
-9.971798781291965064e-01,-6.023477242478104676e-01,-6.387217113846157535e-01,-9.163267413328951561e-01,-7.657073295254769318e-01,-5.837542066096130799e-01
-9.953075518049200321e-01,-5.976565711072011622e-01,7.492430053020057712e-02,-9.999791282524408409e-01,-8.852456225905382947e-01,-5.743789508209883321e-01
-9.947823639252584282e-01,-6.007117982796635891e-01,-7.480234566146676256e-01,-9.590501954311484445e-01,-9.495511377863924407e-01,-6.729784592539140853e-01
-9.905575383204336948e-01,-5.974003042397932894e-01,5.401523314989139513e-01,-9.402620038887973264e-01,-9.914970499985035213e-01,-7.965919879112682844e-01
-8.426363540347560077e-01,-7.549248757984279301e-01,-8.920320044716100183e-01,-8.228958575329369252e-01,-9.880734839914072642e-01,-8.682474190637342604e-01
-8.156749501644149358e-01,-7.829183969408063382e-01,-8.700922583095695995e-01,-9.553489892304446451e-01,-9.805267494036022935e-01,-9.301362900565345315e-01
-5.393982972644277840e-01,-6.855867480254183022e-01,-4.050560340925555280e-01,1.206706243045159166e-01,1.402032902616374699e-01,-4.747984832080891504e-01
-2.941281846292421176e-01,-1.000000000000000000e+00,-1.000000000000000000e+00,-1.000000000000000000e+00,-5.777187843714858273e-01,-6.629641975839961621e-01
-2.235850749217087319e-01,-8.745263212701923639e-01,-8.725814701269224427e-01,-6.964543400175249310e-01,-3.400133353955265281e-01,-2.924849645364011042e-01
-1.871592397650971018e-01,-8.138481527527936521e-01,-4.823212127658740855e-01,-9.714696617949940549e-01,-9.261281355104197255e-01,-8.470559932473008535e-01
-1.545102905044300201e-01,-7.032987986838505901e-01,-6.312460110996741258e-02,-8.414397981652868008e-01,-9.411827608208398477e-01,-8.752686017504913707e-01
-1.116096794358596295e-01,-8.189127349861992089e-01,-2.429388775636610043e-01,-9.891252580484134471e-01,-8.638943244086142448e-01,-6.036235081235880040e-01
-6.596025158850817027e-02,-7.511445819470098373e-01,-9.357742381019162892e-01,-9.949995184093670675e-01,-6.215457705503063535e-01,-4.997184945984249893e-01
-4.237882928113902853e-02,-8.141242393900002261e-01,-6.249180351474467043e-01,-9.621253781894347767e-01,-6.700429955944035010e-01,-5.487658329099217580e-01
-1.056189486367046203e-02,-7.973388609241790492e-01,-3.376227737294122955e-01,-9.969614809949345346e-01,9.662027611005826744e-01,-6.599334799944313046e-01
-3.657154810855496705e-04,-7.996951405223061693e-01,6.808911888622750652e-01,-7.639992193037993262e-01,-9.960383616013624986e-01,-4.455434115869939538e-01
-8.096175187882120666e-05,-8.000248266745152437e-01,-7.716610388139205634e-01,-5.733547584130287422e-01,7.810335666739375293e-01,-6.263670452425044166e-01
-9.999970723504748582e-01,-6.000000816098211009e-01,-8.860453367811384207e-02,-8.354837814271504071e-01,-7.805113750401050376e-01,-6.862248067932384954e-01
-9.988127946956200098e-01,-6.009202119702057310e-01,-7.201847183054553569e-02,-9.973836402933592415e-01,-6.492493754120663985e-01,-4.937525866026424848e-01
-9.985876420994161951e-01,-5.999166639573900728e-01,-9.724326016997165700e-01,-9.999833388101685427e-01,7.438987575531006424e-01,-6.113609677476202764e-01
-7.385789346645370568e-01,-8.525055101028643501e-01,-9.924090031443904003e-01,-9.798488173751201957e-01,-9.955555175789316813e-01,-7.999634772676138539e-01
-6.980736660541368988e-01,-5.852391980036695251e-01,-9.174319952120835175e-01,-7.991252963077859484e-01,3.939508456858851204e-01,-2.695932959062197209e-01
-2.795619319953766002e-01,-8.931852736282028804e-01,-9.999990302801777808e-01,-9.999999636805729786e-01,8.745812371234901184e-01,-8.119115067849235201e-01
-1.756521603707893731e-01,-6.548483404937577301e-01,-3.817309085824989734e-01,-9.841074901178743506e-01,-8.605755333774729454e-01,-7.706040518777056425e-01
-1.591948343585821435e-01,-7.859420374900446538e-01,-6.860552606177741097e-01,-7.252298043354826751e-01,-8.877505273553039089e-01,-5.738142074395867764e-01
-1.414827388597352797e-01,-7.365080167015926049e-01,-4.600062042963574127e-01,-8.472333609710731572e-01,-8.337711091833844845e-01,-7.216103352082839928e-01
-1.162733690091248412e-01,-8.350013200893265930e-01,-6.216613823436452080e-01,-5.393435895280971337e-01,-7.543817752332895310e-01,-6.216207509126689956e-01
-1.093839038324597168e-01,-8.113218810426358063e-01,-5.454993724233839769e-01,-5.133879754022985242e-01,-8.869447967068840866e-01,-6.517869186135094584e-01
-1.343023061480262681e-02,-8.044747065012487486e-01,-7.991384498120113200e-01,-6.734242883775629629e-01,-8.836215457764108328e-01,-6.700755275662759747e-01
-1.127632110116373945e-02,-8.036238930397850977e-01,-1.151053393811708736e-01,-9.821440611191019077e-01,9.745278032324609097e-01,-7.435294685266297110e-01
-8.250124299023659305e-03,-7.920705144053723501e-01,-3.878523316162290624e-01,-9.979010889579267296e-01,7.694673157563766130e-01,-5.511892910226832143e-01
-6.875891583985303118e-03,-7.975208419597975551e-01,3.299270007818048134e-01,-9.747974386608736497e-01,9.101192754153591968e-01,-7.566562602666512261e-01
-5.307316582498109066e-03,-7.971248190978046377e-01,-5.975503158650707913e-01,-9.165585907853027736e-01,6.898378405441523142e-01,-4.806426816438180705e-01
-4.962949556852170631e-03,-8.016272698098223515e-01,-2.718168969448438166e-02,-7.845290809196577841e-01,9.946913439392416345e-01,-8.532944122719556823e-01
-4.545859017104139470e-03,-7.974438905986585002e-01,-9.499876820695809521e-01,-9.605765697748126497e-01,5.250555430382909394e-01,-3.830750550934910459e-01
-3.815123839483297394e-06,-7.999990309154684232e-01,-7.562917288472923438e-01,-7.204042028969956935e-01,7.368875089432503911e-01,-4.979985116746772356e-01
-3.662307271885766364e-06,-7.999991837320784560e-01,-7.316747017128181207e-01,-9.992456354204761748e-01,-7.079964074245460592e-01,-3.773538912625923336e-01
